object( "object/archBack" )
{
	l( 0.2 5.366 3.53 )
	ra( 3.711 )
	di( 3.71 0.05 0.05 )
	vb( 528 264 0 0 0 )
	v( 3.71 -0.05 0.04 )
	v( -3.71 -0.05 0.04 )
	v( 3.71 -0.038 0.035 )
	v( -3.71 -0.038 0.035 )
	v( 3.71 0.014 -0.002 )
	v( -3.71 0.014 -0.002 )
	v( 3.71 0.029 -0.024 )
	v( -3.71 0.029 -0.024 )
	v( 3.71 -0.05 0.04 )
	v( 3.71 -0.05 0.05 )
	v( -3.71 -0.05 0.05 )
	v( -3.71 -0.05 0.04 )
	v( -3.71 -0.022 0.027 )
	v( 3.71 -0.022 0.027 )
	v( 3.71 -0.004 0.015 )
	v( -3.71 -0.004 0.015 )
	v( 3.71 0.04 -0.05 )
	v( -3.71 0.04 -0.05 )
	v( 3.71 0.04 -0.05 )
	v( -3.71 0.04 -0.05 )
	v( -3.71 0.05 -0.05 )
	v( 3.71 0.05 -0.05 )
	n( 0 -0.933 -0.361 )
	n( 0 -0.692 -0.722 )
	n( 0 -0.416 -0.909 )
	n( 0 -0.416 -0.909 )
	n( 0 -0.761 -0.649 )
	n( 0 -0.761 -0.649 )
	n( 0 -0.862 -0.508 )
	n( 0 -0.893 -0.449 )
	n( 0 -1 0 )
	n( 0 -1 0 )
	n( 0 -1 0 )
	n( 0 -1 0 )
	n( 0 -0.502 -0.865 )
	n( 0 -0.502 -0.865 )
	n( 0 -0.623 -0.782 )
	n( 0 -0.623 -0.782 )
	n( 0 -0.552 -0.834 )
	n( 0 -0.552 -0.834 )
	n( 0 0 -1 )
	n( 0 0 -1 )
	n( 0 0 -1 )
	n( 0 0 -1 )
	ng( 1 )
	g( "all" )
	mt( "material/whiteGloss" )
	ni( 33 5 )
	i( 3 9 9 8 )
	i( 3 10 11 11 )
	i( 3 0 0 0 )
	i( 3 1 2 3 )
	i( 3 2 12 13 )
	i( 3 12 14 15 )
	i( 3 14 5 4 )
	i( 3 5 6 7 )
	i( 3 16 17 17 )
	i( 3 19 19 19 )
	i( 3 18 20 21 )
}
