object( "object/archRight" )
{
	l( 3.849 -0.961 3.53 )
	ra( 6.377 )
	di( 0.05 6.376 0.05 )
	vb( 792 396 0 0 0 )
	v( -0.05 -5.024 0.04 )
	v( -0.05 6.376 0.04 )
	v( -0.038 -5.024 0.035 )
	v( -0.038 6.376 0.035 )
	v( 0.014 -5.024 -0.002 )
	v( 0.014 6.376 -0.002 )
	v( 0.029 6.376 -0.024 )
	v( 0.029 -5.024 -0.024 )
	v( -0.05 -5.024 0.04 )
	v( -0.05 -5.024 0.05 )
	v( -0.05 6.376 0.05 )
	v( -0.05 6.376 0.04 )
	v( -0.022 6.376 0.027 )
	v( -0.022 -5.024 0.027 )
	v( -0.004 -5.024 0.015 )
	v( -0.004 6.376 0.015 )
	v( 0.04 6.376 -0.05 )
	v( 0.04 -5.024 -0.05 )
	v( 0.04 -5.024 -0.05 )
	v( 0.04 6.376 -0.05 )
	v( 0.05 6.376 -0.05 )
	v( 0.05 -5.024 -0.05 )
	v( 0.05 -6.376 -0.05 )
	v( 0.04 -6.376 -0.05 )
	v( 0.04 -6.376 -0.05 )
	v( 0.029 -6.376 -0.024 )
	v( -0.004 -6.376 0.015 )
	v( -0.022 -6.376 0.027 )
	v( 0.014 -6.376 -0.002 )
	v( -0.038 -6.376 0.035 )
	v( -0.05 -6.376 0.04 )
	v( -0.05 -6.376 0.05 )
	v( -0.05 -6.376 0.04 )
	n( -0.832 0 -0.555 )
	n( -0.692 0 -0.722 )
	n( -0.421 0 -0.907 )
	n( -0.416 0 -0.909 )
	n( -0.784 0 -0.621 )
	n( -0.737 0 -0.676 )
	n( -0.862 0 -0.508 )
	n( -0.893 0 -0.449 )
	n( -1 0 0 )
	n( -1 0 0 )
	n( -1 0 0 )
	n( -1 0 0 )
	n( -0.484 0 -0.875 )
	n( -0.52 0 -0.854 )
	n( -0.645 0 -0.764 )
	n( -0.601 0 -0.8 )
	n( -0.719 0 -0.695 )
	n( -0.36 0 -0.933 )
	n( 0 0 -1 )
	n( 0 0 -1 )
	n( 0 0 -1 )
	n( 0 0 -1 )
	n( 0 0 -1 )
	n( 0 0 -1 )
	n( -0.719 0 -0.695 )
	n( -0.862 0 -0.508 )
	n( -0.601 0 -0.8 )
	n( -0.484 0 -0.875 )
	n( -0.737 0 -0.676 )
	n( -0.406 0 -0.914 )
	n( -1 0 0 )
	n( -1 0 0 )
	n( -0.933 0 -0.361 )
	ng( 1 )
	g( "all" )
	mt( "material/whiteGloss" )
	ni( 59 5 )
	i( 3 31 31 30 )
	i( 3 9 8 10 )
	i( 3 11 11 0 )
	i( 3 0 0 1 )
	i( 3 2 2 1 )
	i( 3 1 2 3 )
	i( 3 2 12 13 )
	i( 3 15 14 5 )
	i( 3 4 6 7 )
	i( 3 16 16 16 )
	i( 3 16 16 7 )
	i( 3 17 7 24 )
	i( 3 7 25 4 )
	i( 3 28 14 26 )
	i( 3 13 27 2 )
	i( 3 29 0 32 )
	i( 3 32 19 19 )
	i( 3 19 18 20 )
	i( 3 18 21 18 )
	i( 2 22 23 )
}
