object( "object/caseDrawers" )
{
	l( -0.638 5.106 1.16 )
	ra( 0.944 )
	fl( 1 )
	di( 0.775 0.245 0.48 )
	displayName( "Display Case" )
	pathSuffix( "Weapons" )
	tag( 5 )
	vb( 544 204 0 408 0 )
	v( 0 -0.245 -0.075 )
	v( 0.775 -0.245 0.33 )
	v( -0.775 -0.245 0.33 )
	v( -0.775 -0.245 -0.48 )
	v( 0.775 -0.245 -0.48 )
	v( -0.775 -0.245 -0.48 )
	v( -0.775 -0.245 0.33 )
	v( -0.775 0.245 -0.48 )
	v( -0.775 0.245 0.48 )
	v( 0.775 -0.245 -0.48 )
	v( 0.775 0.245 -0.48 )
	v( 0.775 -0.245 0.33 )
	v( 0.775 0.245 0.48 )
	v( 0.775 0.245 0.48 )
	v( -0.775 0.245 0.48 )
	v( -0.775 -0.245 0.33 )
	v( 0.775 -0.245 0.33 )
	n( 0 -1 0 )
	n( 0 -1 0 )
	n( 0 -1 0 )
	n( 0 -1 0 )
	n( 0 -1 0 )
	n( -1 0 0 )
	n( -1 0 0 )
	n( -1 0 0 )
	n( -1 0 0 )
	n( 1 0 0 )
	n( 1 0 0 )
	n( 1 0 0 )
	n( 1 0 0 )
	n( 0 -0.293 0.956 )
	n( 0 -0.293 0.956 )
	n( 0 -0.293 0.956 )
	n( 0 -0.293 0.956 )
	u0( 0.5 0.5 )
	u0( 0.971 -1 )
	u0( 0.029 -1 )
	u0( 0.029 2 )
	u0( 0.971 2 )
	u0( 0.462 0.08 )
	u0( 0.435 0.089 )
	u0( 0.462 0.048 )
	u0( 0.427 0.037 )
	u0( 0.565 0.08 )
	u0( 0.565 0.048 )
	u0( 0.592 0.089 )
	u0( 0.6 0.037 )
	u0( 0.6 0.037 )
	u0( 0.427 0.037 )
	u0( 0.435 0.089 )
	u0( 0.592 0.089 )
	ng( 1 )
	g( "drawers" )
	mt( "material/drawers" )
	ni( 27 5 )
	i( 3 5 6 7 )
	i( 3 8 8 9 )
	i( 3 9 10 11 )
	i( 3 12 12 1 )
	i( 3 1 1 0 )
	i( 3 2 0 3 )
	i( 3 0 4 1 )
	i( 3 1 14 14 )
	i( 3 13 15 16 )
}
