object( "object/clipboard" )
{
	l( 3.793 -2.804 2.136 )
	ra( 0.318 )
	fl( 1 )
	di( 0.108 0.174 0.244 )
	displayName( "clipboard" )
	pathSuffix( "Clipboard" )
	tag( 2 )
	vb( 24832 9312 0 18624 0 )
	v( 0.054 0.139 0.205 )
	v( 0.05 0.139 0.208 )
	v( 0.053 0.139 0.21 )
	v( 0.054 0.139 0.201 )
	v( 0.051 0.139 0.202 )
	v( 0.07 -0.024 0.212 )
	v( 0.066 -0.008 0.206 )
	v( 0.068 -0.009 0.212 )
	v( 0.07 -0.024 0.212 )
	v( 0.068 -0.024 0.213 )
	v( 0.083 -0.123 0.212 )
	v( 0.05 0.14 0.212 )
	v( 0.06 0.04 0.213 )
	v( 0.063 0.04 0.212 )
	v( 0.069 -0.008 0.219 )
	v( 0.068 -0.009 0.212 )
	v( 0.066 -0.009 0.213 )
	v( 0.063 0.025 0.212 )
	v( 0.065 0.024 0.219 )
	v( 0.062 0.025 0.213 )
	v( 0.06 0.04 0.213 )
	v( 0.061 0.023 0.206 )
	v( 0.062 0.025 0.213 )
	v( 0.068 -0.024 0.213 )
	v( 0.066 -0.009 0.213 )
	v( 0.065 -0.008 0.206 )
	v( 0.068 -0.024 0.213 )
	v( 0.065 -0.008 0.206 )
	v( 0.059 0.002 0.169 )
	v( 0.058 0.013 0.169 )
	v( 0.06 0.04 0.213 )
	v( 0.063 0.04 0.212 )
	v( 0.062 0.024 0.206 )
	v( 0.058 0.013 0.169 )
	v( 0.07 -0.024 0.212 )
	v( 0.059 0.002 0.169 )
	v( 0.066 -0.008 0.206 )
	v( 0.063 0.04 0.212 )
	v( 0.063 0.025 0.212 )
	v( 0.062 0.024 0.206 )
	v( -0.06 -0.093 -0.186 )
	v( -0.055 -0.135 -0.186 )
	v( -0.038 -0.09 -0.127 )
	v( -0.033 -0.132 -0.127 )
	v( -0.043 -0.048 -0.127 )
	v( -0.065 -0.051 -0.186 )
	v( -0.049 -0.006 -0.127 )
	v( -0.07 -0.008 -0.186 )
	v( -0.016 -0.087 -0.067 )
	v( -0.011 -0.13 -0.067 )
	v( -0.022 -0.045 -0.067 )
	v( -0.027 -0.003 -0.067 )
	v( 0.005 -0.085 -0.007 )
	v( 0.01 -0.127 -0.007 )
	v( 0 -0.043 -0.007 )
	v( -0.005 0 -0.007 )
	v( -0.064 0.121 -0.127 )
	v( -0.086 0.118 -0.186 )
	v( -0.059 0.079 -0.127 )
	v( -0.081 0.076 -0.186 )
	v( -0.037 0.081 -0.067 )
	v( -0.042 0.123 -0.067 )
	v( -0.015 0.084 -0.007 )
	v( -0.02 0.126 -0.007 )
	v( -0.054 0.036 -0.127 )
	v( -0.075 0.034 -0.186 )
	v( -0.032 0.039 -0.067 )
	v( -0.01 0.042 -0.007 )
	v( 0.05 0.092 0.173 )
	v( 0.045 0.134 0.172 )
	v( 0.028 0.089 0.113 )
	v( 0.023 0.131 0.113 )
	v( 0.033 0.047 0.113 )
	v( 0.055 0.05 0.172 )
	v( 0.039 0.005 0.113 )
	v( 0.06 0.007 0.172 )
	v( 0.007 0.087 0.053 )
	v( 0.001 0.129 0.053 )
	v( 0.012 0.044 0.053 )
	v( 0.017 0.002 0.053 )
	v( 0.054 -0.122 0.113 )
	v( 0.076 -0.119 0.172 )
	v( 0.049 -0.08 0.113 )
	v( 0.071 -0.077 0.173 )
	v( 0.027 -0.082 0.053 )
	v( 0.032 -0.124 0.053 )
	v( 0.044 -0.037 0.113 )
	v( 0.065 -0.035 0.172 )
	v( 0.022 -0.04 0.053 )
	v( 0.06 -0.16 0.113 )
	v( 0.054 -0.122 0.113 )
	v( 0.038 -0.163 0.053 )
	v( 0.054 -0.122 0.113 )
	v( 0.033 -0.124 0.053 )
	v( 0.038 -0.163 0.053 )
	v( 0.077 -0.119 0.172 )
	v( 0.054 -0.122 0.113 )
	v( 0.081 -0.157 0.172 )
	v( 0.054 -0.122 0.113 )
	v( 0.06 -0.16 0.113 )
	v( 0.081 -0.157 0.172 )
	v( 0.019 0.17 0.113 )
	v( -0.002 0.167 0.053 )
	v( 0.023 0.131 0.113 )
	v( -0.002 0.167 0.053 )
	v( 0.002 0.129 0.053 )
	v( 0.023 0.131 0.113 )
	v( 0.019 0.17 0.113 )
	v( 0.041 0.172 0.172 )
	v( 0.023 0.131 0.113 )
	v( 0.046 0.134 0.172 )
	v( 0.041 0.172 0.172 )
	v( 0.071 0.094 0.227 )
	v( 0.05 0.092 0.173 )
	v( 0.056 0.05 0.172 )
	v( 0.071 0.094 0.227 )
	v( 0.056 0.05 0.172 )
	v( 0.076 0.052 0.227 )
	v( 0.046 0.134 0.172 )
	v( 0.05 0.092 0.173 )
	v( 0.066 0.136 0.227 )
	v( 0.05 0.092 0.173 )
	v( 0.071 0.094 0.227 )
	v( 0.066 0.136 0.227 )
	v( -0.074 0.034 -0.186 )
	v( -0.069 -0.008 -0.186 )
	v( -0.054 0.036 -0.127 )
	v( -0.069 -0.008 -0.186 )
	v( -0.048 -0.006 -0.127 )
	v( -0.054 0.036 -0.127 )
	v( -0.032 -0.132 -0.127 )
	v( -0.01 -0.13 -0.067 )
	v( -0.015 -0.087 -0.067 )
	v( -0.032 -0.132 -0.127 )
	v( -0.015 -0.087 -0.067 )
	v( -0.038 -0.09 -0.127 )
	v( -0.06 -0.093 -0.186 )
	v( -0.038 -0.09 -0.127 )
	v( -0.064 -0.051 -0.186 )
	v( -0.042 -0.048 -0.127 )
	v( -0.032 -0.132 -0.127 )
	v( -0.038 -0.09 -0.127 )
	v( -0.054 -0.135 -0.186 )
	v( -0.06 -0.093 -0.186 )
	v( -0.079 -0.095 -0.241 )
	v( -0.06 -0.093 -0.186 )
	v( -0.084 -0.053 -0.241 )
	v( -0.06 -0.093 -0.186 )
	v( -0.064 -0.051 -0.186 )
	v( -0.084 -0.053 -0.241 )
	v( -0.054 -0.135 -0.186 )
	v( -0.06 -0.093 -0.186 )
	v( -0.074 -0.137 -0.241 )
	v( -0.06 -0.093 -0.186 )
	v( -0.079 -0.095 -0.241 )
	v( -0.074 -0.137 -0.241 )
	v( 0.09 -0.121 0.206 )
	v( 0.088 -0.122 0.209 )
	v( 0.085 -0.122 0.205 )
	v( 0.085 -0.122 0.21 )
	v( 0.053 0.139 0.21 )
	v( 0.057 0.139 0.209 )
	v( 0.058 0.139 0.206 )
	v( 0.085 -0.122 0.21 )
	v( 0.082 -0.122 0.208 )
	v( 0.081 -0.122 0.205 )
	v( 0.05 0.139 0.208 )
	v( 0.049 0.138 0.205 )
	v( 0.051 0.139 0.202 )
	v( 0.081 -0.122 0.205 )
	v( 0.083 -0.122 0.202 )
	v( 0.086 -0.122 0.201 )
	v( 0.086 -0.122 0.201 )
	v( 0.089 -0.122 0.202 )
	v( 0.09 -0.121 0.206 )
	v( 0.054 0.139 0.201 )
	v( 0.057 0.139 0.202 )
	v( 0.058 0.139 0.206 )
	v( 0.065 0.024 0.219 )
	v( 0.063 0.025 0.212 )
	v( 0.063 0.04 0.212 )
	v( 0.065 0.038 0.224 )
	v( 0.066 0.02 0.224 )
	v( 0.065 0.024 0.219 )
	v( 0.065 0.038 0.224 )
	v( 0.068 0.031 0.234 )
	v( 0.069 -0.004 0.224 )
	v( 0.069 0.002 0.228 )
	v( 0.073 -0.003 0.241 )
	v( 0.073 -0.014 0.234 )
	v( 0.068 -0.009 0.212 )
	v( 0.069 -0.008 0.219 )
	v( 0.072 -0.021 0.224 )
	v( 0.07 -0.024 0.212 )
	v( 0.083 -0.123 0.212 )
	v( 0.078 -0.146 0.169 )
	v( 0.07 -0.024 0.212 )
	v( 0.059 0.002 0.169 )
	v( 0.05 0.14 0.212 )
	v( 0.063 0.04 0.212 )
	v( 0.04 0.161 0.169 )
	v( 0.058 0.013 0.169 )
	v( 0.068 0.021 0.242 )
	v( 0.066 0.031 0.235 )
	v( 0.066 0.02 0.224 )
	v( 0.067 0.015 0.228 )
	v( 0.07 0.009 0.244 )
	v( 0.068 0.021 0.242 )
	v( 0.067 0.015 0.228 )
	v( 0.068 0.008 0.229 )
	v( 0.065 0.024 0.219 )
	v( 0.066 0.02 0.224 )
	v( 0.066 0.031 0.235 )
	v( 0.063 0.038 0.225 )
	v( 0.069 -0.008 0.219 )
	v( 0.069 -0.004 0.224 )
	v( 0.073 -0.014 0.234 )
	v( 0.072 -0.021 0.224 )
	v( 0.069 0.002 0.228 )
	v( 0.068 0.008 0.229 )
	v( 0.072 0.009 0.244 )
	v( 0.073 -0.003 0.241 )
	v( 0.068 0.008 0.229 )
	v( 0.067 0.015 0.228 )
	v( 0.07 0.021 0.241 )
	v( 0.072 0.009 0.244 )
	v( 0.066 0.02 0.224 )
	v( 0.068 0.031 0.234 )
	v( 0.07 0.021 0.241 )
	v( 0.067 0.015 0.228 )
	v( 0.05 0.14 0.212 )
	v( 0.04 0.161 0.169 )
	v( 0.083 -0.123 0.212 )
	v( 0.078 -0.146 0.169 )
	v( 0.069 -0.008 0.219 )
	v( 0.066 -0.009 0.213 )
	v( 0.07 -0.021 0.225 )
	v( 0.066 -0.009 0.213 )
	v( 0.068 -0.024 0.213 )
	v( 0.07 -0.021 0.225 )
	v( 0.065 0.024 0.219 )
	v( 0.063 0.038 0.225 )
	v( 0.062 0.025 0.213 )
	v( 0.063 0.038 0.225 )
	v( 0.06 0.04 0.213 )
	v( 0.062 0.025 0.213 )
	v( 0.069 0.002 0.228 )
	v( 0.071 -0.004 0.242 )
	v( 0.07 0.009 0.244 )
	v( 0.068 0.008 0.229 )
	v( 0.071 -0.004 0.242 )
	v( 0.069 0.002 0.228 )
	v( 0.069 -0.004 0.224 )
	v( 0.071 -0.014 0.235 )
	v( 0.071 -0.014 0.235 )
	v( 0.069 -0.004 0.224 )
	v( 0.069 -0.008 0.219 )
	v( 0.07 -0.021 0.225 )
	v( -0.049 -0.173 -0.186 )
	v( -0.054 -0.135 -0.186 )
	v( -0.068 -0.174 -0.238 )
	v( -0.074 -0.137 -0.241 )
	v( -0.084 -0.053 -0.241 )
	v( -0.064 -0.051 -0.186 )
	v( -0.089 -0.011 -0.241 )
	v( -0.069 -0.008 -0.186 )
	v( -0.027 -0.171 -0.127 )
	v( -0.032 -0.132 -0.127 )
	v( -0.049 -0.173 -0.186 )
	v( -0.064 -0.051 -0.186 )
	v( -0.042 -0.048 -0.127 )
	v( -0.069 -0.008 -0.186 )
	v( -0.048 -0.006 -0.127 )
	v( -0.027 -0.171 -0.127 )
	v( -0.006 -0.168 -0.067 )
	v( -0.01 -0.13 -0.067 )
	v( -0.006 -0.168 -0.067 )
	v( 0.016 -0.165 -0.007 )
	v( -0.01 -0.13 -0.067 )
	v( 0.011 -0.127 -0.007 )
	v( 0.011 -0.127 -0.007 )
	v( 0.006 -0.085 -0.007 )
	v( -0.104 0.115 -0.241 )
	v( -0.085 0.118 -0.186 )
	v( -0.108 0.152 -0.238 )
	v( -0.089 0.156 -0.186 )
	v( -0.085 0.118 -0.186 )
	v( -0.063 0.121 -0.127 )
	v( -0.089 0.156 -0.186 )
	v( -0.068 0.159 -0.127 )
	v( -0.068 0.159 -0.127 )
	v( -0.063 0.121 -0.127 )
	v( -0.046 0.162 -0.067 )
	v( -0.041 0.123 -0.067 )
	v( -0.046 0.162 -0.067 )
	v( -0.024 0.164 -0.007 )
	v( -0.019 0.126 -0.007 )
	v( -0.1 0.073 -0.241 )
	v( -0.08 0.076 -0.186 )
	v( -0.104 0.115 -0.241 )
	v( -0.08 0.076 -0.186 )
	v( -0.058 0.079 -0.127 )
	v( -0.085 0.118 -0.186 )
	v( -0.063 0.121 -0.127 )
	v( -0.041 0.123 -0.067 )
	v( -0.036 0.081 -0.067 )
	v( -0.019 0.126 -0.007 )
	v( -0.014 0.084 -0.007 )
	v( -0.1 0.073 -0.241 )
	v( -0.094 0.031 -0.241 )
	v( -0.074 0.034 -0.186 )
	v( -0.08 0.076 -0.186 )
	v( -0.08 0.076 -0.186 )
	v( -0.054 0.036 -0.127 )
	v( -0.058 0.079 -0.127 )
	v( -0.094 0.031 -0.241 )
	v( -0.089 -0.011 -0.241 )
	v( -0.074 0.034 -0.186 )
	v( 0.041 0.172 0.172 )
	v( 0.046 0.134 0.172 )
	v( 0.06 0.173 0.224 )
	v( 0.066 0.136 0.227 )
	v( 0.076 0.052 0.227 )
	v( 0.081 0.01 0.227 )
	v( 0.061 0.007 0.172 )
	v( 0.023 0.131 0.113 )
	v( 0.029 0.089 0.113 )
	v( 0.046 0.134 0.172 )
	v( 0.029 0.089 0.113 )
	v( 0.05 0.092 0.173 )
	v( 0.046 0.134 0.172 )
	v( 0.023 0.131 0.113 )
	v( 0.002 0.129 0.053 )
	v( 0.008 0.087 0.053 )
	v( 0.023 0.131 0.113 )
	v( 0.008 0.087 0.053 )
	v( 0.029 0.089 0.113 )
	v( -0.002 0.167 0.053 )
	v( -0.024 0.164 -0.007 )
	v( 0.002 0.129 0.053 )
	v( 0.002 0.129 0.053 )
	v( 0.008 0.087 0.053 )
	v( 0.097 -0.116 0.227 )
	v( 0.077 -0.119 0.172 )
	v( 0.1 -0.153 0.224 )
	v( 0.081 -0.157 0.172 )
	v( 0.038 -0.163 0.053 )
	v( 0.033 -0.124 0.053 )
	v( 0.016 -0.165 -0.007 )
	v( 0.092 -0.074 0.227 )
	v( 0.072 -0.077 0.173 )
	v( 0.097 -0.116 0.227 )
	v( 0.072 -0.077 0.173 )
	v( 0.05 -0.08 0.113 )
	v( 0.077 -0.119 0.172 )
	v( 0.05 -0.08 0.113 )
	v( 0.054 -0.122 0.113 )
	v( 0.077 -0.119 0.172 )
	v( 0.054 -0.122 0.113 )
	v( 0.05 -0.08 0.113 )
	v( 0.028 -0.082 0.053 )
	v( 0.054 -0.122 0.113 )
	v( 0.028 -0.082 0.053 )
	v( 0.033 -0.124 0.053 )
	v( 0.033 -0.124 0.053 )
	v( 0.028 -0.082 0.053 )
	v( 0.092 -0.074 0.227 )
	v( 0.086 -0.032 0.227 )
	v( 0.066 -0.035 0.172 )
	v( 0.086 -0.032 0.227 )
	v( 0.081 0.01 0.227 )
	v( 0.066 -0.035 0.172 )
	v( -0.074 -0.137 -0.241 )
	v( -0.066 -0.136 -0.244 )
	v( -0.06 -0.173 -0.241 )
	v( -0.068 -0.174 -0.238 )
	v( -0.079 -0.095 -0.241 )
	v( -0.071 -0.094 -0.244 )
	v( -0.066 -0.136 -0.244 )
	v( -0.074 -0.137 -0.241 )
	v( -0.084 -0.053 -0.241 )
	v( -0.076 -0.052 -0.244 )
	v( -0.071 -0.094 -0.244 )
	v( -0.079 -0.095 -0.241 )
	v( -0.089 -0.011 -0.241 )
	v( -0.081 -0.01 -0.244 )
	v( -0.076 -0.052 -0.244 )
	v( -0.084 -0.053 -0.241 )
	v( -0.094 0.031 -0.241 )
	v( -0.086 0.032 -0.244 )
	v( -0.081 -0.01 -0.244 )
	v( -0.089 -0.011 -0.241 )
	v( -0.1 0.073 -0.241 )
	v( -0.092 0.074 -0.244 )
	v( -0.086 0.032 -0.244 )
	v( -0.094 0.031 -0.241 )
	v( -0.104 0.115 -0.241 )
	v( -0.097 0.116 -0.244 )
	v( -0.092 0.074 -0.244 )
	v( -0.1 0.073 -0.241 )
	v( -0.108 0.152 -0.238 )
	v( -0.1 0.153 -0.241 )
	v( -0.097 0.116 -0.244 )
	v( -0.104 0.115 -0.241 )
	v( 0.081 -0.157 0.172 )
	v( 0.089 -0.156 0.169 )
	v( 0.108 -0.152 0.221 )
	v( 0.1 -0.153 0.224 )
	v( 0.06 -0.16 0.113 )
	v( 0.068 -0.159 0.11 )
	v( 0.089 -0.156 0.169 )
	v( 0.081 -0.157 0.172 )
	v( 0.038 -0.163 0.053 )
	v( 0.046 -0.162 0.05 )
	v( 0.068 -0.159 0.11 )
	v( 0.06 -0.16 0.113 )
	v( 0.016 -0.165 -0.007 )
	v( 0.024 -0.164 -0.01 )
	v( 0.046 -0.162 0.05 )
	v( 0.038 -0.163 0.053 )
	v( -0.006 -0.168 -0.067 )
	v( 0.002 -0.167 -0.07 )
	v( 0.024 -0.164 -0.01 )
	v( 0.016 -0.165 -0.007 )
	v( -0.027 -0.171 -0.127 )
	v( -0.019 -0.17 -0.129 )
	v( 0.002 -0.167 -0.07 )
	v( -0.006 -0.168 -0.067 )
	v( -0.049 -0.173 -0.186 )
	v( -0.041 -0.172 -0.189 )
	v( -0.019 -0.17 -0.129 )
	v( -0.027 -0.171 -0.127 )
	v( -0.068 -0.174 -0.238 )
	v( -0.06 -0.173 -0.241 )
	v( -0.041 -0.172 -0.189 )
	v( -0.049 -0.173 -0.186 )
	v( 0.097 -0.116 0.227 )
	v( 0.1 -0.153 0.224 )
	v( 0.108 -0.152 0.221 )
	v( 0.104 -0.115 0.224 )
	v( 0.097 -0.116 0.227 )
	v( 0.104 -0.115 0.224 )
	v( 0.1 -0.073 0.224 )
	v( 0.092 -0.074 0.227 )
	v( 0.092 -0.074 0.227 )
	v( 0.1 -0.073 0.224 )
	v( 0.094 -0.031 0.224 )
	v( 0.086 -0.032 0.227 )
	v( 0.086 -0.032 0.227 )
	v( 0.094 -0.031 0.224 )
	v( 0.089 0.011 0.224 )
	v( 0.081 0.01 0.227 )
	v( 0.081 0.01 0.227 )
	v( 0.089 0.011 0.224 )
	v( 0.084 0.053 0.224 )
	v( 0.076 0.052 0.227 )
	v( 0.076 0.052 0.227 )
	v( 0.084 0.053 0.224 )
	v( 0.079 0.095 0.224 )
	v( 0.071 0.094 0.227 )
	v( 0.071 0.094 0.227 )
	v( 0.079 0.095 0.224 )
	v( 0.074 0.137 0.224 )
	v( 0.066 0.136 0.227 )
	v( 0.06 0.173 0.224 )
	v( 0.066 0.136 0.227 )
	v( 0.074 0.137 0.224 )
	v( 0.068 0.174 0.221 )
	v( -0.089 0.156 -0.186 )
	v( -0.081 0.157 -0.189 )
	v( -0.1 0.153 -0.241 )
	v( -0.108 0.152 -0.238 )
	v( -0.068 0.159 -0.127 )
	v( -0.06 0.16 -0.129 )
	v( -0.081 0.157 -0.189 )
	v( -0.089 0.156 -0.186 )
	v( -0.046 0.162 -0.067 )
	v( -0.038 0.163 -0.07 )
	v( -0.06 0.16 -0.129 )
	v( -0.068 0.159 -0.127 )
	v( -0.024 0.164 -0.007 )
	v( -0.016 0.165 -0.01 )
	v( -0.038 0.163 -0.07 )
	v( -0.046 0.162 -0.067 )
	v( -0.002 0.167 0.053 )
	v( 0.006 0.168 0.05 )
	v( -0.016 0.165 -0.01 )
	v( -0.024 0.164 -0.007 )
	v( 0.019 0.17 0.113 )
	v( 0.027 0.171 0.11 )
	v( 0.006 0.168 0.05 )
	v( -0.002 0.167 0.053 )
	v( 0.041 0.172 0.172 )
	v( 0.049 0.173 0.169 )
	v( 0.027 0.171 0.11 )
	v( 0.019 0.17 0.113 )
	v( 0.06 0.173 0.224 )
	v( 0.068 0.174 0.221 )
	v( 0.049 0.173 0.169 )
	v( 0.041 0.172 0.172 )
	v( -0.041 -0.172 -0.189 )
	v( -0.06 -0.173 -0.241 )
	v( -0.046 -0.134 -0.189 )
	v( -0.066 -0.136 -0.244 )
	v( -0.046 -0.134 -0.189 )
	v( -0.051 -0.092 -0.189 )
	v( -0.071 -0.094 -0.244 )
	v( -0.056 -0.05 -0.189 )
	v( -0.051 -0.092 -0.189 )
	v( -0.076 -0.052 -0.244 )
	v( -0.071 -0.094 -0.244 )
	v( -0.061 -0.007 -0.189 )
	v( -0.056 -0.05 -0.189 )
	v( -0.081 -0.01 -0.244 )
	v( -0.076 -0.052 -0.244 )
	v( -0.019 -0.17 -0.129 )
	v( -0.041 -0.172 -0.189 )
	v( -0.024 -0.131 -0.13 )
	v( -0.046 -0.134 -0.189 )
	v( -0.024 -0.131 -0.13 )
	v( -0.029 -0.089 -0.13 )
	v( -0.051 -0.092 -0.189 )
	v( -0.034 -0.047 -0.129 )
	v( -0.029 -0.089 -0.13 )
	v( -0.056 -0.05 -0.189 )
	v( -0.04 -0.005 -0.129 )
	v( -0.034 -0.047 -0.129 )
	v( -0.061 -0.007 -0.189 )
	v( -0.002 -0.129 -0.07 )
	v( 0.002 -0.167 -0.07 )
	v( -0.024 -0.131 -0.13 )
	v( -0.008 -0.087 -0.07 )
	v( -0.002 -0.129 -0.07 )
	v( -0.029 -0.089 -0.13 )
	v( -0.013 -0.044 -0.07 )
	v( -0.008 -0.087 -0.07 )
	v( -0.034 -0.047 -0.129 )
	v( -0.018 -0.002 -0.07 )
	v( -0.013 -0.044 -0.07 )
	v( -0.04 -0.005 -0.129 )
	v( 0.019 -0.126 -0.01 )
	v( 0.024 -0.164 -0.01 )
	v( -0.002 -0.129 -0.07 )
	v( 0.014 -0.084 -0.01 )
	v( 0.019 -0.126 -0.01 )
	v( -0.008 -0.087 -0.07 )
	v( 0.009 -0.042 -0.01 )
	v( 0.014 -0.084 -0.01 )
	v( -0.013 -0.044 -0.07 )
	v( -0.018 -0.002 -0.07 )
	v( 0.004 0 -0.01 )
	v( 0.009 -0.042 -0.01 )
	v( -0.097 0.116 -0.244 )
	v( -0.1 0.153 -0.241 )
	v( -0.077 0.119 -0.189 )
	v( -0.081 0.157 -0.189 )
	v( -0.077 0.119 -0.189 )
	v( -0.055 0.122 -0.13 )
	v( -0.06 0.16 -0.129 )
	v( -0.033 0.124 -0.07 )
	v( -0.055 0.122 -0.13 )
	v( -0.038 0.163 -0.07 )
	v( -0.06 0.16 -0.129 )
	v( -0.011 0.127 -0.01 )
	v( -0.033 0.124 -0.07 )
	v( -0.016 0.165 -0.01 )
	v( -0.038 0.163 -0.07 )
	v( -0.092 0.074 -0.244 )
	v( -0.097 0.116 -0.244 )
	v( -0.072 0.077 -0.189 )
	v( -0.077 0.119 -0.189 )
	v( -0.072 0.077 -0.189 )
	v( -0.05 0.08 -0.13 )
	v( -0.055 0.122 -0.13 )
	v( -0.028 0.082 -0.07 )
	v( -0.05 0.08 -0.13 )
	v( -0.033 0.124 -0.07 )
	v( -0.006 0.085 -0.01 )
	v( -0.028 0.082 -0.07 )
	v( -0.011 0.127 -0.01 )
	v( -0.066 0.035 -0.189 )
	v( -0.086 0.032 -0.244 )
	v( -0.072 0.077 -0.189 )
	v( -0.045 0.037 -0.129 )
	v( -0.066 0.035 -0.189 )
	v( -0.05 0.08 -0.13 )
	v( -0.023 0.04 -0.07 )
	v( -0.045 0.037 -0.129 )
	v( -0.028 0.082 -0.07 )
	v( -0.001 0.043 -0.01 )
	v( -0.023 0.04 -0.07 )
	v( -0.006 0.085 -0.01 )
	v( -0.081 -0.01 -0.244 )
	v( -0.066 0.035 -0.189 )
	v( -0.061 -0.007 -0.189 )
	v( -0.045 0.037 -0.129 )
	v( -0.04 -0.005 -0.129 )
	v( -0.023 0.04 -0.07 )
	v( -0.001 0.043 -0.01 )
	v( -0.018 -0.002 -0.07 )
	v( 0.049 0.173 0.169 )
	v( 0.068 0.174 0.221 )
	v( 0.054 0.135 0.17 )
	v( 0.074 0.137 0.224 )
	v( 0.054 0.135 0.17 )
	v( 0.059 0.093 0.17 )
	v( 0.079 0.095 0.224 )
	v( 0.064 0.051 0.17 )
	v( 0.059 0.093 0.17 )
	v( 0.084 0.053 0.224 )
	v( 0.079 0.095 0.224 )
	v( 0.069 0.008 0.169 )
	v( 0.064 0.051 0.17 )
	v( 0.089 0.011 0.224 )
	v( 0.084 0.053 0.224 )
	v( 0.027 0.171 0.11 )
	v( 0.049 0.173 0.169 )
	v( 0.032 0.132 0.11 )
	v( 0.054 0.135 0.17 )
	v( 0.032 0.132 0.11 )
	v( 0.037 0.09 0.11 )
	v( 0.059 0.093 0.17 )
	v( 0.042 0.048 0.11 )
	v( 0.037 0.09 0.11 )
	v( 0.064 0.051 0.17 )
	v( 0.048 0.006 0.11 )
	v( 0.042 0.048 0.11 )
	v( 0.069 0.008 0.169 )
	v( 0.01 0.13 0.05 )
	v( 0.006 0.168 0.05 )
	v( 0.032 0.132 0.11 )
	v( 0.015 0.087 0.05 )
	v( 0.01 0.13 0.05 )
	v( 0.037 0.09 0.11 )
	v( 0.021 0.045 0.05 )
	v( 0.015 0.087 0.05 )
	v( 0.042 0.048 0.11 )
	v( 0.026 0.003 0.05 )
	v( 0.021 0.045 0.05 )
	v( 0.048 0.006 0.11 )
	v( -0.016 0.165 -0.01 )
	v( 0.01 0.13 0.05 )
	v( -0.011 0.127 -0.01 )
	v( 0.015 0.087 0.05 )
	v( -0.006 0.085 -0.01 )
	v( 0.021 0.045 0.05 )
	v( 0.026 0.003 0.05 )
	v( -0.001 0.043 -0.01 )
	v( 0.104 -0.115 0.224 )
	v( 0.108 -0.152 0.221 )
	v( 0.085 -0.118 0.17 )
	v( 0.089 -0.156 0.169 )
	v( 0.085 -0.118 0.17 )
	v( 0.063 -0.121 0.11 )
	v( 0.068 -0.159 0.11 )
	v( 0.041 -0.123 0.05 )
	v( 0.063 -0.121 0.11 )
	v( 0.046 -0.162 0.05 )
	v( 0.068 -0.159 0.11 )
	v( 0.041 -0.123 0.05 )
	v( 0.024 -0.164 -0.01 )
	v( 0.046 -0.162 0.05 )
	v( 0.1 -0.073 0.224 )
	v( 0.104 -0.115 0.224 )
	v( 0.08 -0.076 0.17 )
	v( 0.085 -0.118 0.17 )
	v( 0.08 -0.076 0.17 )
	v( 0.058 -0.079 0.11 )
	v( 0.063 -0.121 0.11 )
	v( 0.036 -0.081 0.05 )
	v( 0.058 -0.079 0.11 )
	v( 0.041 -0.123 0.05 )
	v( 0.036 -0.081 0.05 )
	v( 0.019 -0.126 -0.01 )
	v( 0.074 -0.034 0.17 )
	v( 0.094 -0.031 0.224 )
	v( 0.08 -0.076 0.17 )
	v( 0.053 -0.036 0.11 )
	v( 0.074 -0.034 0.17 )
	v( 0.058 -0.079 0.11 )
	v( 0.031 -0.039 0.05 )
	v( 0.053 -0.036 0.11 )
	v( 0.036 -0.081 0.05 )
	v( 0.031 -0.039 0.05 )
	v( 0.014 -0.084 -0.01 )
	v( 0.089 0.011 0.224 )
	v( 0.074 -0.034 0.17 )
	v( 0.069 0.008 0.169 )
	v( 0.053 -0.036 0.11 )
	v( 0.048 0.006 0.11 )
	v( 0.031 -0.039 0.05 )
	v( 0.026 0.003 0.05 )
	v( 0.009 -0.042 -0.01 )
	v( 0.066 -0.008 0.206 )
	v( 0.065 -0.008 0.206 )
	v( 0.068 -0.009 0.212 )
	v( 0.066 -0.009 0.213 )
	v( 0.062 0.024 0.206 )
	v( 0.061 0.023 0.206 )
	v( 0.065 -0.008 0.206 )
	v( 0.066 -0.008 0.206 )
	v( 0.062 0.025 0.213 )
	v( 0.061 0.023 0.206 )
	v( 0.063 0.025 0.212 )
	v( 0.062 0.024 0.206 )
	v( 0.065 -0.008 0.206 )
	v( 0.058 0.013 0.169 )
	v( 0.059 0.002 0.169 )
	v( 0.066 -0.008 0.206 )
	v( 0.059 0.002 0.169 )
	v( 0.058 0.013 0.169 )
	v( 0.062 0.024 0.206 )
	v( 0.071 -0.014 0.235 )
	v( 0.07 -0.021 0.225 )
	v( 0.072 -0.021 0.224 )
	v( 0.073 -0.014 0.234 )
	v( 0.07 -0.021 0.225 )
	v( 0.068 -0.024 0.213 )
	v( 0.07 -0.024 0.212 )
	v( 0.072 -0.021 0.224 )
	v( 0.063 0.038 0.225 )
	v( 0.065 0.038 0.224 )
	v( 0.063 0.04 0.212 )
	v( 0.06 0.04 0.213 )
	v( 0.066 0.031 0.235 )
	v( 0.068 0.031 0.234 )
	v( 0.065 0.038 0.224 )
	v( 0.063 0.038 0.225 )
	v( 0.068 0.021 0.242 )
	v( 0.07 0.021 0.241 )
	v( 0.068 0.031 0.234 )
	v( 0.066 0.031 0.235 )
	v( 0.07 0.009 0.244 )
	v( 0.072 0.009 0.244 )
	v( 0.07 0.021 0.241 )
	v( 0.068 0.021 0.242 )
	v( 0.071 -0.004 0.242 )
	v( 0.073 -0.003 0.241 )
	v( 0.072 0.009 0.244 )
	v( 0.07 0.009 0.244 )
	v( 0.073 -0.014 0.234 )
	v( 0.073 -0.003 0.241 )
	v( 0.071 -0.004 0.242 )
	v( 0.071 -0.014 0.235 )
	v( 0.057 0.139 0.209 )
	v( 0.088 -0.122 0.209 )
	v( 0.09 -0.121 0.206 )
	v( 0.058 0.139 0.206 )
	v( 0.058 0.139 0.206 )
	v( 0.09 -0.121 0.206 )
	v( 0.089 -0.122 0.202 )
	v( 0.057 0.139 0.202 )
	v( 0.054 0.139 0.201 )
	v( 0.057 0.139 0.202 )
	v( 0.089 -0.122 0.202 )
	v( 0.086 -0.122 0.201 )
	v( 0.054 0.139 0.201 )
	v( 0.086 -0.122 0.201 )
	v( 0.083 -0.122 0.202 )
	v( 0.051 0.139 0.202 )
	v( 0.051 0.139 0.202 )
	v( 0.083 -0.122 0.202 )
	v( 0.081 -0.122 0.205 )
	v( 0.049 0.138 0.205 )
	v( 0.049 0.138 0.205 )
	v( 0.081 -0.122 0.205 )
	v( 0.082 -0.122 0.208 )
	v( 0.05 0.139 0.208 )
	v( 0.05 0.139 0.208 )
	v( 0.082 -0.122 0.208 )
	v( 0.085 -0.122 0.21 )
	v( 0.053 0.139 0.21 )
	v( 0.088 -0.122 0.209 )
	v( 0.057 0.139 0.209 )
	v( 0.053 0.139 0.21 )
	v( 0.085 -0.122 0.21 )
	n( -0.121 0.993 0 )
	n( -0.121 0.993 0 )
	n( -0.121 0.993 0 )
	n( -0.121 0.993 0 )
	n( -0.121 0.993 0 )
	n( 0.968 0.193 -0.161 )
	n( 0.968 0.193 -0.161 )
	n( 0.968 0.193 -0.161 )
	n( 0.175 0.021 0.984 )
	n( 0.175 0.021 0.984 )
	n( 0.175 0.021 0.984 )
	n( 0.175 0.021 0.984 )
	n( 0.175 0.021 0.984 )
	n( 0.175 0.021 0.984 )
	n( -0.187 0.965 -0.186 )
	n( -0.187 0.965 -0.186 )
	n( -0.187 0.965 -0.186 )
	n( 0.051 -0.981 -0.186 )
	n( 0.051 -0.981 -0.186 )
	n( 0.051 -0.981 -0.186 )
	n( -0.923 0.109 0.368 )
	n( -0.638 -0.607 0.473 )
	n( -0.722 -0.661 0.204 )
	n( -0.87 -0.328 0.368 )
	n( -0.86 0.468 0.204 )
	n( -0.736 0.32 0.596 )
	n( -0.87 -0.328 0.368 )
	n( -0.736 0.32 0.596 )
	n( -0.155 0.126 -0.98 )
	n( -0.122 -0.124 -0.985 )
	n( -0.923 0.109 0.368 )
	n( 0.992 0.03 -0.122 )
	n( 0.992 0.03 -0.122 )
	n( 0.992 0.03 -0.122 )
	n( 0.97 0.21 -0.122 )
	n( 0.97 0.21 -0.122 )
	n( 0.97 0.21 -0.122 )
	n( 0.986 0.046 -0.161 )
	n( 0.986 0.046 -0.161 )
	n( 0.986 0.046 -0.161 )
	n( -0.932 -0.114 0.344 )
	n( -0.932 -0.114 0.344 )
	n( -0.932 -0.114 0.344 )
	n( -0.932 -0.114 0.344 )
	n( -0.932 -0.114 0.344 )
	n( -0.932 -0.114 0.344 )
	n( -0.932 -0.114 0.344 )
	n( -0.932 -0.114 0.344 )
	n( -0.932 -0.114 0.344 )
	n( -0.932 -0.114 0.344 )
	n( -0.932 -0.114 0.344 )
	n( -0.932 -0.114 0.344 )
	n( -0.932 -0.114 0.344 )
	n( -0.932 -0.114 0.344 )
	n( -0.932 -0.114 0.344 )
	n( -0.932 -0.114 0.344 )
	n( -0.932 -0.114 0.344 )
	n( -0.932 -0.114 0.344 )
	n( -0.932 -0.114 0.344 )
	n( -0.932 -0.114 0.344 )
	n( -0.932 -0.114 0.344 )
	n( -0.932 -0.114 0.344 )
	n( -0.932 -0.114 0.344 )
	n( -0.932 -0.114 0.344 )
	n( -0.932 -0.114 0.344 )
	n( -0.932 -0.114 0.344 )
	n( -0.932 -0.114 0.344 )
	n( -0.932 -0.114 0.344 )
	n( -0.932 -0.114 0.344 )
	n( -0.932 -0.114 0.344 )
	n( -0.932 -0.114 0.344 )
	n( -0.932 -0.114 0.344 )
	n( -0.932 -0.114 0.344 )
	n( -0.932 -0.114 0.344 )
	n( -0.932 -0.114 0.344 )
	n( -0.932 -0.114 0.344 )
	n( -0.932 -0.114 0.344 )
	n( -0.932 -0.114 0.344 )
	n( -0.932 -0.114 0.344 )
	n( -0.932 -0.114 0.344 )
	n( -0.932 -0.114 0.344 )
	n( -0.932 -0.114 0.344 )
	n( -0.932 -0.114 0.344 )
	n( -0.932 -0.114 0.344 )
	n( -0.932 -0.114 0.344 )
	n( -0.932 -0.114 0.344 )
	n( -0.932 -0.114 0.344 )
	n( -0.932 -0.114 0.344 )
	n( -0.932 -0.114 0.344 )
	n( -0.929 -0.138 0.344 )
	n( -0.929 -0.138 0.344 )
	n( -0.929 -0.138 0.344 )
	n( -0.937 -0.115 0.33 )
	n( -0.937 -0.115 0.33 )
	n( -0.937 -0.115 0.33 )
	n( -0.927 -0.114 0.358 )
	n( -0.927 -0.114 0.358 )
	n( -0.927 -0.114 0.358 )
	n( -0.929 -0.138 0.344 )
	n( -0.929 -0.138 0.344 )
	n( -0.929 -0.138 0.344 )
	n( -0.935 -0.09 0.344 )
	n( -0.935 -0.09 0.344 )
	n( -0.935 -0.09 0.344 )
	n( -0.937 -0.115 0.33 )
	n( -0.937 -0.115 0.33 )
	n( -0.937 -0.115 0.33 )
	n( -0.935 -0.09 0.344 )
	n( -0.935 -0.09 0.344 )
	n( -0.927 -0.113 0.358 )
	n( -0.927 -0.113 0.358 )
	n( -0.927 -0.113 0.358 )
	n( -0.924 -0.135 0.359 )
	n( -0.924 -0.135 0.359 )
	n( -0.924 -0.135 0.359 )
	n( -0.932 -0.114 0.344 )
	n( -0.932 -0.114 0.344 )
	n( -0.932 -0.114 0.344 )
	n( -0.934 -0.092 0.344 )
	n( -0.934 -0.092 0.344 )
	n( -0.934 -0.092 0.344 )
	n( -0.926 -0.113 0.359 )
	n( -0.926 -0.113 0.359 )
	n( -0.926 -0.113 0.359 )
	n( -0.937 -0.115 0.33 )
	n( -0.937 -0.115 0.33 )
	n( -0.937 -0.115 0.33 )
	n( -0.929 -0.136 0.344 )
	n( -0.929 -0.136 0.344 )
	n( -0.929 -0.136 0.344 )
	n( -0.932 -0.114 0.344 )
	n( -0.932 -0.114 0.344 )
	n( -0.932 -0.114 0.344 )
	n( -0.924 -0.135 0.358 )
	n( -0.924 -0.135 0.358 )
	n( -0.924 -0.135 0.358 )
	n( -0.934 -0.092 0.344 )
	n( -0.934 -0.092 0.344 )
	n( -0.934 -0.092 0.344 )
	n( -0.934 -0.092 0.344 )
	n( -0.929 -0.136 0.344 )
	n( -0.929 -0.136 0.344 )
	n( -0.929 -0.136 0.344 )
	n( -0.929 -0.136 0.344 )
	n( -0.937 -0.115 0.329 )
	n( -0.937 -0.115 0.329 )
	n( -0.937 -0.115 0.329 )
	n( -0.934 -0.092 0.344 )
	n( -0.934 -0.092 0.344 )
	n( -0.934 -0.092 0.344 )
	n( -0.929 -0.136 0.344 )
	n( -0.929 -0.136 0.344 )
	n( -0.929 -0.136 0.344 )
	n( -0.937 -0.115 0.329 )
	n( -0.937 -0.115 0.329 )
	n( -0.937 -0.115 0.329 )
	n( 0.121 -0.993 0 )
	n( 0.121 -0.993 0 )
	n( 0.121 -0.993 0 )
	n( 0.121 -0.993 0 )
	n( -0.121 0.993 0 )
	n( -0.121 0.993 0 )
	n( -0.121 0.993 0 )
	n( 0.121 -0.993 0 )
	n( 0.121 -0.993 0 )
	n( 0.121 -0.993 0 )
	n( -0.121 0.993 0 )
	n( -0.121 0.993 0 )
	n( -0.121 0.993 0 )
	n( 0.121 -0.993 0 )
	n( 0.121 -0.993 0 )
	n( 0.121 -0.993 0 )
	n( 0.121 -0.993 0 )
	n( 0.121 -0.993 0 )
	n( 0.121 -0.993 0 )
	n( -0.121 0.993 0 )
	n( -0.121 0.993 0 )
	n( -0.121 0.993 0 )
	n( 0.981 0.045 -0.19 )
	n( 0.981 0.045 -0.19 )
	n( 0.981 0.045 -0.19 )
	n( 0.981 0.045 -0.19 )
	n( 0.975 0.056 -0.217 )
	n( 0.975 0.056 -0.217 )
	n( 0.975 0.056 -0.217 )
	n( 0.975 0.056 -0.217 )
	n( 0.958 0.16 -0.238 )
	n( 0.958 0.16 -0.238 )
	n( 0.958 0.16 -0.238 )
	n( 0.958 0.16 -0.238 )
	n( 0.963 0.193 -0.19 )
	n( 0.963 0.193 -0.19 )
	n( 0.963 0.193 -0.19 )
	n( 0.963 0.193 -0.19 )
	n( 0.977 0.119 -0.176 )
	n( 0.977 0.119 -0.176 )
	n( 0.977 0.119 -0.176 )
	n( 0.977 0.119 -0.176 )
	n( 0.977 0.119 -0.176 )
	n( 0.977 0.119 -0.176 )
	n( 0.977 0.119 -0.176 )
	n( 0.977 0.119 -0.176 )
	n( -0.98 -0.162 0.113 )
	n( -0.98 -0.162 0.113 )
	n( -0.98 -0.162 0.113 )
	n( -0.98 -0.162 0.113 )
	n( -0.985 -0.135 0.102 )
	n( -0.985 -0.135 0.102 )
	n( -0.985 -0.135 0.102 )
	n( -0.985 -0.135 0.102 )
	n( -0.974 -0.183 0.134 )
	n( -0.974 -0.183 0.134 )
	n( -0.974 -0.183 0.134 )
	n( -0.974 -0.183 0.134 )
	n( 0.959 0.181 -0.217 )
	n( 0.959 0.181 -0.217 )
	n( 0.959 0.181 -0.217 )
	n( 0.959 0.181 -0.217 )
	n( 0.96 0.132 -0.249 )
	n( 0.96 0.132 -0.249 )
	n( 0.96 0.132 -0.249 )
	n( 0.96 0.132 -0.249 )
	n( 0.963 0.103 -0.249 )
	n( 0.963 0.103 -0.249 )
	n( 0.963 0.103 -0.249 )
	n( 0.963 0.103 -0.249 )
	n( 0.968 0.076 -0.238 )
	n( 0.968 0.076 -0.238 )
	n( 0.968 0.076 -0.238 )
	n( 0.968 0.076 -0.238 )
	n( 0.172 0.043 0.984 )
	n( -0.178 0.473 -0.863 )
	n( 0.178 0 0.984 )
	n( -0.059 -0.502 -0.863 )
	n( -0.921 0.057 0.386 )
	n( -0.921 0.057 0.386 )
	n( -0.921 0.057 0.386 )
	n( -0.97 -0.157 0.183 )
	n( -0.97 -0.157 0.183 )
	n( -0.97 -0.157 0.183 )
	n( -0.88 -0.278 0.386 )
	n( -0.88 -0.278 0.386 )
	n( -0.88 -0.278 0.386 )
	n( -0.98 -0.081 0.183 )
	n( -0.98 -0.081 0.183 )
	n( -0.98 -0.081 0.183 )
	n( -0.989 -0.106 0.102 )
	n( -0.989 -0.106 0.102 )
	n( -0.989 -0.106 0.102 )
	n( -0.989 -0.106 0.102 )
	n( -0.99 -0.079 0.113 )
	n( -0.99 -0.079 0.113 )
	n( -0.99 -0.079 0.113 )
	n( -0.99 -0.079 0.113 )
	n( -0.989 -0.057 0.134 )
	n( -0.989 -0.057 0.134 )
	n( -0.989 -0.057 0.134 )
	n( -0.989 -0.057 0.134 )
	n( -0.932 -0.114 0.344 )
	n( -0.932 -0.114 0.344 )
	n( -0.932 -0.114 0.344 )
	n( -0.932 -0.114 0.344 )
	n( -0.932 -0.114 0.344 )
	n( -0.932 -0.114 0.344 )
	n( -0.932 -0.114 0.344 )
	n( -0.932 -0.114 0.344 )
	n( -0.932 -0.114 0.344 )
	n( -0.932 -0.114 0.344 )
	n( -0.932 -0.114 0.344 )
	n( -0.932 -0.114 0.344 )
	n( -0.932 -0.114 0.344 )
	n( -0.932 -0.114 0.344 )
	n( -0.932 -0.114 0.344 )
	n( -0.932 -0.114 0.344 )
	n( -0.932 -0.114 0.344 )
	n( -0.932 -0.114 0.344 )
	n( -0.932 -0.114 0.344 )
	n( -0.932 -0.114 0.344 )
	n( -0.932 -0.114 0.344 )
	n( -0.932 -0.114 0.344 )
	n( -0.932 -0.114 0.344 )
	n( -0.932 -0.114 0.344 )
	n( -0.932 -0.114 0.344 )
	n( -0.932 -0.114 0.344 )
	n( -0.932 -0.114 0.344 )
	n( -0.932 -0.114 0.344 )
	n( -0.932 -0.114 0.344 )
	n( -0.932 -0.114 0.344 )
	n( -0.932 -0.114 0.344 )
	n( -0.932 -0.114 0.344 )
	n( -0.932 -0.114 0.344 )
	n( -0.932 -0.114 0.344 )
	n( -0.932 -0.114 0.344 )
	n( -0.932 -0.114 0.344 )
	n( -0.932 -0.114 0.344 )
	n( -0.932 -0.114 0.344 )
	n( -0.932 -0.114 0.344 )
	n( -0.932 -0.114 0.344 )
	n( -0.932 -0.114 0.344 )
	n( -0.932 -0.114 0.344 )
	n( -0.932 -0.114 0.344 )
	n( -0.932 -0.114 0.344 )
	n( -0.932 -0.114 0.344 )
	n( -0.932 -0.114 0.344 )
	n( -0.932 -0.114 0.344 )
	n( -0.932 -0.114 0.344 )
	n( -0.932 -0.114 0.344 )
	n( -0.932 -0.114 0.344 )
	n( -0.932 -0.114 0.344 )
	n( -0.932 -0.114 0.344 )
	n( -0.932 -0.114 0.344 )
	n( -0.937 -0.115 0.33 )
	n( -0.934 -0.092 0.344 )
	n( -0.934 -0.092 0.344 )
	n( -0.934 -0.092 0.344 )
	n( -0.932 -0.114 0.344 )
	n( -0.932 -0.114 0.344 )
	n( -0.932 -0.114 0.344 )
	n( -0.932 -0.114 0.344 )
	n( -0.932 -0.114 0.344 )
	n( -0.932 -0.114 0.344 )
	n( -0.932 -0.114 0.344 )
	n( -0.932 -0.114 0.344 )
	n( -0.932 -0.114 0.344 )
	n( -0.932 -0.114 0.344 )
	n( -0.924 -0.135 0.358 )
	n( -0.924 -0.135 0.358 )
	n( -0.924 -0.135 0.358 )
	n( -0.939 -0.093 0.33 )
	n( -0.939 -0.093 0.33 )
	n( -0.939 -0.093 0.33 )
	n( -0.937 -0.115 0.33 )
	n( -0.937 -0.115 0.33 )
	n( -0.937 -0.115 0.33 )
	n( -0.929 -0.136 0.344 )
	n( -0.929 -0.136 0.344 )
	n( -0.929 -0.136 0.344 )
	n( -0.932 -0.114 0.344 )
	n( -0.932 -0.114 0.344 )
	n( -0.932 -0.114 0.344 )
	n( -0.932 -0.114 0.344 )
	n( -0.932 -0.114 0.344 )
	n( -0.932 -0.114 0.344 )
	n( -0.932 -0.114 0.344 )
	n( -0.932 -0.114 0.344 )
	n( -0.932 -0.114 0.344 )
	n( -0.932 -0.114 0.344 )
	n( -0.932 -0.114 0.344 )
	n( -0.932 -0.114 0.344 )
	n( -0.932 -0.114 0.344 )
	n( -0.932 -0.114 0.344 )
	n( -0.932 -0.114 0.344 )
	n( -0.932 -0.114 0.344 )
	n( -0.932 -0.114 0.344 )
	n( -0.932 -0.114 0.344 )
	n( -0.929 -0.092 0.358 )
	n( -0.929 -0.092 0.358 )
	n( -0.929 -0.092 0.358 )
	n( -0.934 -0.092 0.344 )
	n( -0.934 -0.092 0.344 )
	n( -0.934 -0.092 0.344 )
	n( -0.937 -0.115 0.33 )
	n( -0.937 -0.115 0.33 )
	n( -0.937 -0.115 0.33 )
	n( -0.932 -0.114 0.344 )
	n( -0.932 -0.114 0.344 )
	n( -0.932 -0.114 0.344 )
	n( -0.932 -0.114 0.344 )
	n( -0.932 -0.114 0.344 )
	n( -0.932 -0.114 0.344 )
	n( -0.932 -0.114 0.344 )
	n( -0.932 -0.114 0.344 )
	n( -0.332 -0.117 -0.936 )
	n( -0.332 -0.117 -0.936 )
	n( -0.332 -0.117 -0.936 )
	n( -0.332 -0.117 -0.936 )
	n( -0.34 -0.052 -0.939 )
	n( -0.34 -0.052 -0.939 )
	n( -0.34 -0.052 -0.939 )
	n( -0.34 -0.052 -0.939 )
	n( -0.342 -0.038 -0.939 )
	n( -0.342 -0.038 -0.939 )
	n( -0.342 -0.038 -0.939 )
	n( -0.342 -0.038 -0.939 )
	n( -0.342 -0.038 -0.939 )
	n( -0.342 -0.038 -0.939 )
	n( -0.342 -0.038 -0.939 )
	n( -0.342 -0.038 -0.939 )
	n( -0.341 -0.046 -0.939 )
	n( -0.341 -0.046 -0.939 )
	n( -0.341 -0.046 -0.939 )
	n( -0.341 -0.046 -0.939 )
	n( -0.341 -0.046 -0.939 )
	n( -0.341 -0.046 -0.939 )
	n( -0.341 -0.046 -0.939 )
	n( -0.341 -0.046 -0.939 )
	n( -0.343 -0.031 -0.939 )
	n( -0.343 -0.031 -0.939 )
	n( -0.343 -0.031 -0.939 )
	n( -0.343 -0.031 -0.939 )
	n( -0.35 0.033 -0.936 )
	n( -0.35 0.033 -0.936 )
	n( -0.35 0.033 -0.936 )
	n( -0.35 0.033 -0.936 )
	n( 0.133 -0.991 0.032 )
	n( 0.133 -0.991 0.032 )
	n( 0.133 -0.991 0.032 )
	n( 0.133 -0.991 0.032 )
	n( 0.123 -0.992 0.004 )
	n( 0.123 -0.992 0.004 )
	n( 0.123 -0.992 0.004 )
	n( 0.123 -0.992 0.004 )
	n( 0.121 -0.993 -0.002 )
	n( 0.121 -0.993 -0.002 )
	n( 0.121 -0.993 -0.002 )
	n( 0.121 -0.993 -0.002 )
	n( 0.121 -0.993 -0.002 )
	n( 0.121 -0.993 -0.002 )
	n( 0.121 -0.993 -0.002 )
	n( 0.121 -0.993 -0.002 )
	n( 0.122 -0.993 0.002 )
	n( 0.122 -0.993 0.002 )
	n( 0.122 -0.993 0.002 )
	n( 0.122 -0.993 0.002 )
	n( 0.122 -0.993 0.002 )
	n( 0.122 -0.993 0.002 )
	n( 0.122 -0.993 0.002 )
	n( 0.122 -0.993 0.002 )
	n( 0.12 -0.993 -0.004 )
	n( 0.12 -0.993 -0.004 )
	n( 0.12 -0.993 -0.004 )
	n( 0.12 -0.993 -0.004 )
	n( 0.11 -0.993 -0.032 )
	n( 0.11 -0.993 -0.032 )
	n( 0.11 -0.993 -0.032 )
	n( 0.11 -0.993 -0.032 )
	n( 0.35 -0.033 0.936 )
	n( 0.35 -0.033 0.936 )
	n( 0.35 -0.033 0.936 )
	n( 0.35 -0.033 0.936 )
	n( 0.343 0.031 0.939 )
	n( 0.343 0.031 0.939 )
	n( 0.343 0.031 0.939 )
	n( 0.343 0.031 0.939 )
	n( 0.341 0.046 0.939 )
	n( 0.341 0.046 0.939 )
	n( 0.341 0.046 0.939 )
	n( 0.341 0.046 0.939 )
	n( 0.341 0.046 0.939 )
	n( 0.341 0.046 0.939 )
	n( 0.341 0.046 0.939 )
	n( 0.341 0.046 0.939 )
	n( 0.342 0.038 0.939 )
	n( 0.342 0.038 0.939 )
	n( 0.342 0.038 0.939 )
	n( 0.342 0.038 0.939 )
	n( 0.342 0.038 0.939 )
	n( 0.342 0.038 0.939 )
	n( 0.342 0.038 0.939 )
	n( 0.342 0.038 0.939 )
	n( 0.34 0.052 0.939 )
	n( 0.34 0.052 0.939 )
	n( 0.34 0.052 0.939 )
	n( 0.34 0.052 0.939 )
	n( 0.332 0.117 0.936 )
	n( 0.332 0.117 0.936 )
	n( 0.332 0.117 0.936 )
	n( 0.332 0.117 0.936 )
	n( -0.133 0.991 -0.032 )
	n( -0.133 0.991 -0.032 )
	n( -0.133 0.991 -0.032 )
	n( -0.133 0.991 -0.032 )
	n( -0.123 0.992 -0.004 )
	n( -0.123 0.992 -0.004 )
	n( -0.123 0.992 -0.004 )
	n( -0.123 0.992 -0.004 )
	n( -0.121 0.993 0.002 )
	n( -0.121 0.993 0.002 )
	n( -0.121 0.993 0.002 )
	n( -0.121 0.993 0.002 )
	n( -0.121 0.993 0.002 )
	n( -0.121 0.993 0.002 )
	n( -0.121 0.993 0.002 )
	n( -0.121 0.993 0.002 )
	n( -0.122 0.993 -0.002 )
	n( -0.122 0.993 -0.002 )
	n( -0.122 0.993 -0.002 )
	n( -0.122 0.993 -0.002 )
	n( -0.122 0.993 -0.002 )
	n( -0.122 0.993 -0.002 )
	n( -0.122 0.993 -0.002 )
	n( -0.122 0.993 -0.002 )
	n( -0.12 0.993 0.004 )
	n( -0.12 0.993 0.004 )
	n( -0.12 0.993 0.004 )
	n( -0.12 0.993 0.004 )
	n( -0.11 0.993 0.032 )
	n( -0.11 0.993 0.032 )
	n( -0.11 0.993 0.032 )
	n( -0.11 0.993 0.032 )
	n( 0.932 0.114 -0.344 )
	n( 0.932 0.114 -0.344 )
	n( 0.932 0.114 -0.344 )
	n( 0.932 0.114 -0.344 )
	n( 0.932 0.114 -0.344 )
	n( 0.932 0.114 -0.344 )
	n( 0.932 0.114 -0.344 )
	n( 0.932 0.114 -0.344 )
	n( 0.932 0.114 -0.344 )
	n( 0.932 0.114 -0.344 )
	n( 0.932 0.114 -0.344 )
	n( 0.932 0.114 -0.344 )
	n( 0.932 0.114 -0.344 )
	n( 0.932 0.114 -0.344 )
	n( 0.932 0.114 -0.344 )
	n( 0.932 0.114 -0.344 )
	n( 0.932 0.114 -0.344 )
	n( 0.932 0.114 -0.344 )
	n( 0.932 0.114 -0.344 )
	n( 0.932 0.114 -0.344 )
	n( 0.932 0.114 -0.344 )
	n( 0.932 0.114 -0.344 )
	n( 0.932 0.114 -0.344 )
	n( 0.932 0.114 -0.344 )
	n( 0.932 0.114 -0.344 )
	n( 0.932 0.114 -0.344 )
	n( 0.932 0.114 -0.344 )
	n( 0.932 0.114 -0.344 )
	n( 0.932 0.114 -0.344 )
	n( 0.932 0.114 -0.344 )
	n( 0.932 0.114 -0.344 )
	n( 0.932 0.114 -0.344 )
	n( 0.932 0.114 -0.344 )
	n( 0.932 0.114 -0.344 )
	n( 0.932 0.114 -0.344 )
	n( 0.932 0.114 -0.344 )
	n( 0.932 0.114 -0.344 )
	n( 0.932 0.114 -0.344 )
	n( 0.932 0.114 -0.344 )
	n( 0.932 0.114 -0.344 )
	n( 0.932 0.114 -0.344 )
	n( 0.932 0.114 -0.344 )
	n( 0.932 0.114 -0.344 )
	n( 0.932 0.114 -0.344 )
	n( 0.932 0.114 -0.344 )
	n( 0.932 0.114 -0.344 )
	n( 0.932 0.114 -0.344 )
	n( 0.932 0.114 -0.344 )
	n( 0.932 0.114 -0.344 )
	n( 0.932 0.114 -0.344 )
	n( 0.932 0.114 -0.344 )
	n( 0.932 0.114 -0.344 )
	n( 0.932 0.114 -0.344 )
	n( 0.932 0.114 -0.344 )
	n( 0.932 0.114 -0.344 )
	n( 0.932 0.114 -0.344 )
	n( 0.932 0.114 -0.344 )
	n( 0.932 0.114 -0.344 )
	n( 0.932 0.114 -0.344 )
	n( 0.932 0.114 -0.344 )
	n( 0.932 0.114 -0.344 )
	n( 0.932 0.114 -0.344 )
	n( 0.932 0.114 -0.344 )
	n( 0.932 0.114 -0.344 )
	n( 0.932 0.114 -0.344 )
	n( 0.932 0.114 -0.344 )
	n( 0.932 0.114 -0.344 )
	n( 0.932 0.114 -0.344 )
	n( 0.932 0.114 -0.344 )
	n( 0.932 0.114 -0.344 )
	n( 0.932 0.114 -0.344 )
	n( 0.932 0.114 -0.344 )
	n( 0.932 0.114 -0.344 )
	n( 0.932 0.114 -0.344 )
	n( 0.932 0.114 -0.344 )
	n( 0.932 0.114 -0.344 )
	n( 0.932 0.114 -0.344 )
	n( 0.932 0.114 -0.344 )
	n( 0.932 0.114 -0.344 )
	n( 0.932 0.114 -0.344 )
	n( 0.932 0.114 -0.344 )
	n( 0.932 0.114 -0.344 )
	n( 0.932 0.114 -0.344 )
	n( 0.932 0.114 -0.344 )
	n( 0.932 0.114 -0.344 )
	n( 0.932 0.114 -0.344 )
	n( 0.932 0.114 -0.344 )
	n( 0.932 0.114 -0.344 )
	n( 0.932 0.114 -0.344 )
	n( 0.932 0.114 -0.344 )
	n( 0.932 0.114 -0.344 )
	n( 0.932 0.114 -0.344 )
	n( 0.932 0.114 -0.344 )
	n( 0.932 0.114 -0.344 )
	n( 0.932 0.114 -0.344 )
	n( 0.932 0.114 -0.344 )
	n( 0.932 0.114 -0.344 )
	n( 0.932 0.114 -0.344 )
	n( 0.932 0.114 -0.344 )
	n( 0.932 0.114 -0.344 )
	n( 0.932 0.114 -0.344 )
	n( 0.932 0.114 -0.344 )
	n( 0.932 0.114 -0.344 )
	n( 0.932 0.114 -0.344 )
	n( 0.932 0.114 -0.344 )
	n( 0.932 0.114 -0.344 )
	n( 0.932 0.114 -0.344 )
	n( 0.932 0.114 -0.344 )
	n( 0.932 0.114 -0.344 )
	n( 0.932 0.114 -0.344 )
	n( 0.932 0.114 -0.344 )
	n( 0.932 0.114 -0.344 )
	n( 0.932 0.114 -0.344 )
	n( 0.932 0.114 -0.344 )
	n( 0.932 0.114 -0.344 )
	n( 0.932 0.114 -0.344 )
	n( 0.932 0.114 -0.344 )
	n( 0.932 0.114 -0.344 )
	n( 0.932 0.114 -0.344 )
	n( 0.932 0.114 -0.344 )
	n( 0.932 0.114 -0.344 )
	n( 0.932 0.114 -0.344 )
	n( 0.932 0.114 -0.344 )
	n( 0.932 0.114 -0.344 )
	n( 0.932 0.114 -0.344 )
	n( 0.932 0.114 -0.344 )
	n( 0.932 0.114 -0.344 )
	n( 0.932 0.114 -0.344 )
	n( 0.932 0.114 -0.344 )
	n( 0.932 0.114 -0.344 )
	n( 0.932 0.114 -0.344 )
	n( 0.932 0.114 -0.344 )
	n( 0.932 0.114 -0.344 )
	n( 0.932 0.114 -0.344 )
	n( 0.932 0.114 -0.344 )
	n( 0.932 0.114 -0.344 )
	n( 0.932 0.114 -0.344 )
	n( 0.932 0.114 -0.344 )
	n( 0.932 0.114 -0.344 )
	n( 0.932 0.114 -0.344 )
	n( 0.932 0.114 -0.344 )
	n( 0.932 0.114 -0.344 )
	n( 0.932 0.114 -0.344 )
	n( 0.932 0.114 -0.344 )
	n( 0.932 0.114 -0.344 )
	n( 0.932 0.114 -0.344 )
	n( 0.932 0.114 -0.344 )
	n( 0.932 0.114 -0.344 )
	n( 0.932 0.114 -0.344 )
	n( 0.932 0.114 -0.344 )
	n( 0.932 0.114 -0.344 )
	n( 0.932 0.114 -0.344 )
	n( 0.932 0.114 -0.344 )
	n( 0.932 0.114 -0.344 )
	n( 0.932 0.114 -0.344 )
	n( 0.932 0.114 -0.344 )
	n( 0.932 0.114 -0.344 )
	n( 0.932 0.114 -0.344 )
	n( 0.932 0.114 -0.344 )
	n( 0.932 0.114 -0.344 )
	n( 0.932 0.114 -0.344 )
	n( 0.932 0.114 -0.344 )
	n( 0.932 0.114 -0.344 )
	n( 0.932 0.114 -0.344 )
	n( 0.932 0.114 -0.344 )
	n( 0.932 0.114 -0.344 )
	n( 0.932 0.114 -0.344 )
	n( 0.932 0.114 -0.344 )
	n( 0.932 0.114 -0.344 )
	n( 0.932 0.114 -0.344 )
	n( 0.932 0.114 -0.344 )
	n( 0.932 0.114 -0.344 )
	n( 0.932 0.114 -0.344 )
	n( 0.932 0.114 -0.344 )
	n( 0.932 0.114 -0.344 )
	n( 0.932 0.114 -0.344 )
	n( 0.932 0.114 -0.344 )
	n( 0.932 0.114 -0.344 )
	n( 0.932 0.114 -0.344 )
	n( 0.932 0.114 -0.344 )
	n( 0.932 0.114 -0.344 )
	n( 0.932 0.114 -0.344 )
	n( 0.932 0.114 -0.344 )
	n( 0.932 0.114 -0.344 )
	n( 0.932 0.114 -0.344 )
	n( 0.932 0.114 -0.344 )
	n( 0.932 0.114 -0.344 )
	n( 0.932 0.114 -0.344 )
	n( 0.932 0.114 -0.344 )
	n( 0.932 0.114 -0.344 )
	n( 0.932 0.114 -0.344 )
	n( 0.932 0.114 -0.344 )
	n( 0.932 0.114 -0.344 )
	n( -0.051 0.981 0.186 )
	n( -0.051 0.981 0.186 )
	n( -0.051 0.981 0.186 )
	n( -0.051 0.981 0.186 )
	n( 0.342 0.042 0.939 )
	n( 0.342 0.042 0.939 )
	n( 0.342 0.042 0.939 )
	n( 0.342 0.042 0.939 )
	n( 0.187 -0.965 0.186 )
	n( 0.187 -0.965 0.186 )
	n( 0.187 -0.965 0.186 )
	n( 0.187 -0.965 0.186 )
	n( -0.736 0.32 0.596 )
	n( -0.122 -0.124 -0.985 )
	n( -0.155 0.126 -0.98 )
	n( 0.982 0.12 -0.147 )
	n( 0.982 0.12 -0.147 )
	n( 0.982 0.12 -0.147 )
	n( 0.982 0.12 -0.147 )
	n( 0.198 -0.813 0.547 )
	n( 0.198 -0.813 0.547 )
	n( 0.198 -0.813 0.547 )
	n( 0.198 -0.813 0.547 )
	n( 0.153 -0.969 0.192 )
	n( 0.153 -0.969 0.192 )
	n( 0.153 -0.969 0.192 )
	n( 0.153 -0.969 0.192 )
	n( -0.085 0.978 0.192 )
	n( -0.085 0.978 0.192 )
	n( -0.085 0.978 0.192 )
	n( -0.085 0.978 0.192 )
	n( -0.004 0.837 0.547 )
	n( -0.004 0.837 0.547 )
	n( -0.004 0.837 0.547 )
	n( -0.004 0.837 0.547 )
	n( 0.078 0.569 0.818 )
	n( 0.078 0.569 0.818 )
	n( 0.078 0.569 0.818 )
	n( 0.078 0.569 0.818 )
	n( 0.148 0.215 0.965 )
	n( 0.148 0.215 0.965 )
	n( 0.148 0.215 0.965 )
	n( 0.148 0.215 0.965 )
	n( 0.195 -0.173 0.965 )
	n( 0.195 -0.173 0.965 )
	n( 0.195 -0.173 0.965 )
	n( 0.195 -0.173 0.965 )
	n( 0.213 -0.534 0.818 )
	n( 0.213 -0.534 0.818 )
	n( 0.213 -0.534 0.818 )
	n( 0.213 -0.534 0.818 )
	n( 0.897 0.11 0.428 )
	n( 0.897 0.11 0.428 )
	n( 0.897 0.11 0.428 )
	n( 0.897 0.11 0.428 )
	n( 0.935 0.114 -0.336 )
	n( 0.935 0.114 -0.336 )
	n( 0.935 0.114 -0.336 )
	n( 0.935 0.114 -0.336 )
	n( 0.425 0.052 -0.904 )
	n( 0.425 0.052 -0.904 )
	n( 0.425 0.052 -0.904 )
	n( 0.425 0.052 -0.904 )
	n( -0.334 -0.041 -0.942 )
	n( -0.334 -0.041 -0.942 )
	n( -0.334 -0.041 -0.942 )
	n( -0.334 -0.041 -0.942 )
	n( -0.897 -0.11 -0.428 )
	n( -0.897 -0.11 -0.428 )
	n( -0.897 -0.11 -0.428 )
	n( -0.897 -0.11 -0.428 )
	n( -0.935 -0.114 0.336 )
	n( -0.935 -0.114 0.336 )
	n( -0.935 -0.114 0.336 )
	n( -0.935 -0.114 0.336 )
	n( -0.425 -0.052 0.904 )
	n( -0.425 -0.052 0.904 )
	n( -0.425 -0.052 0.904 )
	n( -0.425 -0.052 0.904 )
	n( 0.334 0.041 0.942 )
	n( 0.334 0.041 0.942 )
	n( 0.334 0.041 0.942 )
	n( 0.334 0.041 0.942 )
	u0( 0 1 )
	u0( 1 1 )
	u0( 1 0 )
	u0( 1 1 )
	u0( 1 0 )
	u0( 0 1 )
	u0( 1 1 )
	u0( 1 0 )
	u0( 0 1 )
	u0( 1 1 )
	u0( 1 0 )
	u0( 0 1 )
	u0( 1 1 )
	u0( 1 0 )
	u0( 0 1 )
	u0( 1 1 )
	u0( 1 0 )
	u0( 0 1 )
	u0( 1 1 )
	u0( 1 0 )
	u0( 1 1 )
	u0( 1 0 )
	u0( 0 0 )
	u0( 0 1 )
	u0( 1 0 )
	u0( 0 0 )
	u0( 1 1 )
	u0( 1 0 )
	u0( 0 0 )
	u0( 1 1 )
	u0( 0 0 )
	u0( 0 1 )
	u0( 1 1 )
	u0( 1 0 )
	u0( 0 1 )
	u0( 1 0 )
	u0( 0 0 )
	u0( 0 1 )
	u0( 1 0 )
	u0( 0 0 )
	u0( 0.833 0.999 )
	u0( 1 0.999 )
	u0( 0.833 0.884 )
	u0( 1 0.884 )
	u0( 0.667 0.884 )
	u0( 0.667 0.999 )
	u0( 0.5 0.884 )
	u0( 0.5 0.999 )
	u0( 0.833 0.768 )
	u0( 1 0.768 )
	u0( 0.667 0.768 )
	u0( 0.5 0.768 )
	u0( 0.833 0.653 )
	u0( 0.999 0.653 )
	u0( 0.667 0.653 )
	u0( 0.5 0.653 )
	u0( 0 0.884 )
	u0( 0 0.999 )
	u0( 0.167 0.884 )
	u0( 0.167 0.999 )
	u0( 0.167 0.768 )
	u0( 0 0.768 )
	u0( 0.167 0.653 )
	u0( 0.001 0.653 )
	u0( 0.333 0.884 )
	u0( 0.333 0.999 )
	u0( 0.333 0.768 )
	u0( 0.333 0.653 )
	u0( 0.167 0.307 )
	u0( 0 0.307 )
	u0( 0.167 0.422 )
	u0( 0 0.422 )
	u0( 0.333 0.422 )
	u0( 0.333 0.307 )
	u0( 0.5 0.422 )
	u0( 0.5 0.307 )
	u0( 0.167 0.538 )
	u0( 0 0.538 )
	u0( 0.333 0.538 )
	u0( 0.5 0.538 )
	u0( 1 0.422 )
	u0( 1 0.307 )
	u0( 0.833 0.422 )
	u0( 0.833 0.307 )
	u0( 0.833 0.538 )
	u0( 1 0.538 )
	u0( 0.667 0.422 )
	u0( 0.667 0.307 )
	u0( 0.667 0.538 )
	u0( 0 1 )
	u0( 1 1 )
	u0( 1 0 )
	u0( 1 1 )
	u0( 1 1 )
	u0( 1 0 )
	u0( 1 1 )
	u0( 1 0 )
	u0( 0 1 )
	u0( 1 0 )
	u0( 1 0 )
	u0( 0 1 )
	u0( 0 1 )
	u0( 1 1 )
	u0( 1 0 )
	u0( 1 1 )
	u0( 1 1 )
	u0( 1 0 )
	u0( 1 1 )
	u0( 0 1 )
	u0( 1 0 )
	u0( 1 0 )
	u0( 0 1 )
	u0( 0 1 )
	u0( 1 1 )
	u0( 1 1 )
	u0( 0 1 )
	u0( 1 1 )
	u0( 1 0 )
	u0( 1 1 )
	u0( 1 0 )
	u0( 0 1 )
	u0( 1 0 )
	u0( 1 0 )
	u0( 0 1 )
	u0( 0.333 0.999 )
	u0( 0.5 0.999 )
	u0( 0.333 0.884 )
	u0( 0.5 0.999 )
	u0( 0.5 0.884 )
	u0( 0.333 0.884 )
	u0( 1 0.884 )
	u0( 1 0.768 )
	u0( 0.833 0.768 )
	u0( 1 0.884 )
	u0( 0.833 0.768 )
	u0( 0.833 0.884 )
	u0( 0.833 0.999 )
	u0( 0.833 0.884 )
	u0( 0.667 0.999 )
	u0( 0.667 0.884 )
	u0( 1 0.884 )
	u0( 0.833 0.884 )
	u0( 1 0.999 )
	u0( 0.833 0.999 )
	u0( 0 1 )
	u0( 1 1 )
	u0( 1 0 )
	u0( 1 1 )
	u0( 1 1 )
	u0( 1 0 )
	u0( 1 1 )
	u0( 1 0 )
	u0( 0 1 )
	u0( 1 0 )
	u0( 1 0 )
	u0( 0 1 )
	u0( 0 1 )
	u0( 1 1 )
	u0( 0 1 )
	u0( 1 0 )
	u0( 1 1 )
	u0( 1 0 )
	u0( 1 0 )
	u0( 1 1 )
	u0( 1 0 )
	u0( 1 0 )
	u0( 1 0 )
	u0( 1 0 )
	u0( 1 1 )
	u0( 1 1 )
	u0( 1 0 )
	u0( 1 0 )
	u0( 1 1 )
	u0( 1 0 )
	u0( 1 0 )
	u0( 1 0 )
	u0( 1 0 )
	u0( 1 1 )
	u0( 1 0 )
	u0( 0 0 )
	u0( 0 1 )
	u0( 1 1 )
	u0( 1 0 )
	u0( 0 0 )
	u0( 0 1 )
	u0( 1 1 )
	u0( 1 0 )
	u0( 0 0 )
	u0( 0 0 )
	u0( 0 1 )
	u0( 1 1 )
	u0( 1 0 )
	u0( 0 1 )
	u0( 1 1 )
	u0( 1 1 )
	u0( 1 0 )
	u0( 0 1 )
	u0( 1 0 )
	u0( 1 0 )
	u0( 0 1 )
	u0( 0 0 )
	u0( 1 0 )
	u0( 1 0 )
	u0( 1 0 )
	u0( 0 1 )
	u0( 0 1 )
	u0( 1 1 )
	u0( 1 0 )
	u0( 0 1 )
	u0( 0 1 )
	u0( 0 0 )
	u0( 0 1 )
	u0( 1 0 )
	u0( 1 1 )
	u0( 1 0 )
	u0( 0 0 )
	u0( 0 1 )
	u0( 1 1 )
	u0( 1 1 )
	u0( 1 0 )
	u0( 0 1 )
	u0( 1 1 )
	u0( 1 0 )
	u0( 0 0 )
	u0( 0 1 )
	u0( 1 1 )
	u0( 0 0 )
	u0( 0 1 )
	u0( 1 1 )
	u0( 1 0 )
	u0( 1 0 )
	u0( 0 1 )
	u0( 0 1 )
	u0( 0 1 )
	u0( 1 0 )
	u0( 0 0 )
	u0( 1 1 )
	u0( 0 0 )
	u0( 0 1 )
	u0( 1 1 )
	u0( 0 0 )
	u0( 1 1 )
	u0( 0 0 )
	u0( 1 1 )
	u0( 1 1 )
	u0( 0 0 )
	u0( 0 1 )
	u0( 1 0 )
	u0( 0 0 )
	u0( 1 0 )
	u0( 1 0 )
	u0( 0 1 )
	u0( 1 1 )
	u0( 1 1 )
	u0( 1 1 )
	u0( 0 0 )
	u0( 0 1 )
	u0( 0 1 )
	u0( 1 1 )
	u0( 1 0 )
	u0( 0 1 )
	u0( 1 0 )
	u0( 0 1 )
	u0( 1 1 )
	u0( 1 0 )
	u0( 1 1 )
	u0( 1 1 )
	u0( 1 0 )
	u0( 0 1 )
	u0( 0.667 0.999 )
	u0( 0.667 0.884 )
	u0( 0.5 0.999 )
	u0( 0.5 0.884 )
	u0( 0 1 )
	u0( 1 1 )
	u0( 1 1 )
	u0( 0 1 )
	u0( 1 1 )
	u0( 1 0 )
	u0( 1 1 )
	u0( 0.999 0.653 )
	u0( 0.833 0.653 )
	u0( 1 1 )
	u0( 1 0 )
	u0( 0 1 )
	u0( 1 0 )
	u0( 1 1 )
	u0( 1 0 )
	u0( 0 1 )
	u0( 1 0 )
	u0( 0 1 )
	u0( 1 1 )
	u0( 1 0 )
	u0( 1 1 )
	u0( 0 1 )
	u0( 1 0 )
	u0( 1 1 )
	u0( 1 1 )
	u0( 1 0 )
	u0( 0 1 )
	u0( 0.167 0.999 )
	u0( 0.167 0.884 )
	u0( 0 0.999 )
	u0( 0 0.884 )
	u0( 0 0.768 )
	u0( 0.167 0.768 )
	u0( 0.001 0.653 )
	u0( 0.167 0.653 )
	u0( 0 1 )
	u0( 1 1 )
	u0( 1 1 )
	u0( 0.167 0.999 )
	u0( 0.167 0.999 )
	u0( 0.333 0.884 )
	u0( 0.167 0.884 )
	u0( 0 1 )
	u0( 1 1 )
	u0( 1 0 )
	u0( 1 1 )
	u0( 1 0 )
	u0( 0 1 )
	u0( 1 0 )
	u0( 0 1 )
	u0( 1 0 )
	u0( 1 1 )
	u0( 0 0.422 )
	u0( 0.167 0.422 )
	u0( 0 0.307 )
	u0( 0.167 0.422 )
	u0( 0.167 0.307 )
	u0( 0 0.307 )
	u0( 0 0.422 )
	u0( 0 0.538 )
	u0( 0.167 0.538 )
	u0( 0 0.422 )
	u0( 0.167 0.538 )
	u0( 0.167 0.422 )
	u0( 0 1 )
	u0( 1 1 )
	u0( 1 0 )
	u0( 0 0.538 )
	u0( 0.167 0.538 )
	u0( 1 1 )
	u0( 1 0 )
	u0( 0 1 )
	u0( 1 0 )
	u0( 0 1 )
	u0( 1 1 )
	u0( 1 0 )
	u0( 1 1 )
	u0( 1 0 )
	u0( 0 1 )
	u0( 0.833 0.307 )
	u0( 0.833 0.422 )
	u0( 1 0.307 )
	u0( 0.833 0.422 )
	u0( 1 0.422 )
	u0( 1 0.307 )
	u0( 1 0.422 )
	u0( 0.833 0.422 )
	u0( 0.833 0.538 )
	u0( 1 0.422 )
	u0( 0.833 0.538 )
	u0( 1 0.538 )
	u0( 1 0.538 )
	u0( 0.833 0.538 )
	u0( 0 1 )
	u0( 1 1 )
	u0( 1 1 )
	u0( 0 1 )
	u0( 1 1 )
	u0( 1 0 )
	u0( 1 0 )
	u0( 1 0 )
	u0( 0 1 )
	u0( 1 1 )
	u0( 1 0 )
	u0( 1 0 )
	u0( 0 1 )
	u0( 1 1 )
	u0( 1 0 )
	u0( 1 0 )
	u0( 0 1 )
	u0( 1 1 )
	u0( 1 0 )
	u0( 1 0 )
	u0( 0 1 )
	u0( 1 1 )
	u0( 1 0 )
	u0( 1 0 )
	u0( 0 1 )
	u0( 1 1 )
	u0( 1 0 )
	u0( 1 0 )
	u0( 0 1 )
	u0( 1 1 )
	u0( 1 0 )
	u0( 1 0 )
	u0( 0 1 )
	u0( 1 1 )
	u0( 1 0 )
	u0( 1 0 )
	u0( 0 1 )
	u0( 1 1 )
	u0( 1 0 )
	u0( 1 0 )
	u0( 0 1 )
	u0( 1 1 )
	u0( 1 0 )
	u0( 1 0 )
	u0( 0 1 )
	u0( 1 1 )
	u0( 1 0 )
	u0( 1 0 )
	u0( 0 1 )
	u0( 1 1 )
	u0( 1 0 )
	u0( 1 0 )
	u0( 0 1 )
	u0( 1 1 )
	u0( 1 0 )
	u0( 1 0 )
	u0( 0 1 )
	u0( 1 1 )
	u0( 1 0 )
	u0( 1 0 )
	u0( 0 1 )
	u0( 1 1 )
	u0( 1 0 )
	u0( 1 0 )
	u0( 0 1 )
	u0( 1 1 )
	u0( 1 0 )
	u0( 1 0 )
	u0( 0 1 )
	u0( 1 1 )
	u0( 1 1 )
	u0( 1 0 )
	u0( 1 0 )
	u0( 0 1 )
	u0( 1 0 )
	u0( 1 0 )
	u0( 0 1 )
	u0( 1 1 )
	u0( 1 0 )
	u0( 1 0 )
	u0( 0 1 )
	u0( 1 1 )
	u0( 1 0 )
	u0( 1 0 )
	u0( 0 1 )
	u0( 1 1 )
	u0( 1 0 )
	u0( 1 0 )
	u0( 0 1 )
	u0( 1 1 )
	u0( 1 0 )
	u0( 1 0 )
	u0( 0 1 )
	u0( 1 1 )
	u0( 1 0 )
	u0( 1 0 )
	u0( 0 1 )
	u0( 1 1 )
	u0( 1 1 )
	u0( 1 0 )
	u0( 1 0 )
	u0( 0 1 )
	u0( 1 0 )
	u0( 1 0 )
	u0( 0 1 )
	u0( 1 1 )
	u0( 1 0 )
	u0( 1 0 )
	u0( 0 1 )
	u0( 1 1 )
	u0( 1 0 )
	u0( 1 0 )
	u0( 0 1 )
	u0( 1 1 )
	u0( 1 0 )
	u0( 1 0 )
	u0( 0 1 )
	u0( 1 1 )
	u0( 1 0 )
	u0( 1 0 )
	u0( 0 1 )
	u0( 1 1 )
	u0( 1 0 )
	u0( 1 0 )
	u0( 0 1 )
	u0( 1 1 )
	u0( 1 0 )
	u0( 1 0 )
	u0( 0 1 )
	u0( 1 1 )
	u0( 1 0 )
	u0( 1 0 )
	u0( 0 1 )
	u0( 1 1 )
	u0( 1 1 )
	u0( 1 0 )
	u0( 0 1 )
	u0( 1 0 )
	u0( 1 1 )
	u0( 0 1 )
	u0( 1 0 )
	u0( 0 1 )
	u0( 1 1 )
	u0( 1 0 )
	u0( 1 1 )
	u0( 0 1 )
	u0( 1 1 )
	u0( 1 0 )
	u0( 1 1 )
	u0( 1 1 )
	u0( 1 0 )
	u0( 0 1 )
	u0( 1 0 )
	u0( 1 1 )
	u0( 0 1 )
	u0( 1 0 )
	u0( 0 1 )
	u0( 1 1 )
	u0( 1 0 )
	u0( 0 1 )
	u0( 1 1 )
	u0( 1 0 )
	u0( 0 1 )
	u0( 1 1 )
	u0( 1 0 )
	u0( 0 1 )
	u0( 1 1 )
	u0( 1 0 )
	u0( 0 1 )
	u0( 1 1 )
	u0( 1 0 )
	u0( 0 1 )
	u0( 1 1 )
	u0( 1 0 )
	u0( 0 1 )
	u0( 1 1 )
	u0( 1 0 )
	u0( 0 1 )
	u0( 1 1 )
	u0( 1 0 )
	u0( 0 1 )
	u0( 1 1 )
	u0( 1 0 )
	u0( 1 0 )
	u0( 0 1 )
	u0( 1 1 )
	u0( 1 1 )
	u0( 1 0 )
	u0( 0 1 )
	u0( 1 0 )
	u0( 1 1 )
	u0( 0 1 )
	u0( 1 0 )
	u0( 0 1 )
	u0( 1 1 )
	u0( 1 0 )
	u0( 1 1 )
	u0( 0 1 )
	u0( 1 1 )
	u0( 1 0 )
	u0( 1 1 )
	u0( 1 1 )
	u0( 1 0 )
	u0( 0 1 )
	u0( 1 0 )
	u0( 1 1 )
	u0( 0 1 )
	u0( 1 0 )
	u0( 0 1 )
	u0( 1 1 )
	u0( 1 0 )
	u0( 0 1 )
	u0( 1 1 )
	u0( 1 0 )
	u0( 0 1 )
	u0( 1 1 )
	u0( 1 0 )
	u0( 0 1 )
	u0( 1 1 )
	u0( 1 0 )
	u0( 0 1 )
	u0( 1 1 )
	u0( 1 0 )
	u0( 0 1 )
	u0( 1 1 )
	u0( 1 0 )
	u0( 1 1 )
	u0( 1 0 )
	u0( 1 1 )
	u0( 1 0 )
	u0( 1 1 )
	u0( 1 0 )
	u0( 1 0 )
	u0( 1 1 )
	u0( 1 1 )
	u0( 1 0 )
	u0( 0 1 )
	u0( 1 0 )
	u0( 1 1 )
	u0( 0 1 )
	u0( 1 0 )
	u0( 0 1 )
	u0( 1 1 )
	u0( 1 0 )
	u0( 1 1 )
	u0( 0 1 )
	u0( 1 1 )
	u0( 1 0 )
	u0( 1 1 )
	u0( 1 1 )
	u0( 1 0 )
	u0( 0 1 )
	u0( 1 0 )
	u0( 1 1 )
	u0( 0 1 )
	u0( 1 0 )
	u0( 0 1 )
	u0( 1 1 )
	u0( 1 0 )
	u0( 0 1 )
	u0( 1 1 )
	u0( 1 0 )
	u0( 0 1 )
	u0( 1 1 )
	u0( 1 0 )
	u0( 0 1 )
	u0( 1 1 )
	u0( 1 0 )
	u0( 0 1 )
	u0( 1 1 )
	u0( 1 0 )
	u0( 0 1 )
	u0( 1 1 )
	u0( 1 0 )
	u0( 1 1 )
	u0( 1 0 )
	u0( 1 1 )
	u0( 1 0 )
	u0( 1 1 )
	u0( 1 0 )
	u0( 1 0 )
	u0( 1 1 )
	u0( 1 1 )
	u0( 1 0 )
	u0( 0 1 )
	u0( 1 0 )
	u0( 1 1 )
	u0( 0 1 )
	u0( 1 0 )
	u0( 0 1 )
	u0( 1 1 )
	u0( 1 0 )
	u0( 1 1 )
	u0( 1 1 )
	u0( 1 0 )
	u0( 1 1 )
	u0( 1 1 )
	u0( 1 0 )
	u0( 0 1 )
	u0( 1 0 )
	u0( 1 1 )
	u0( 0 1 )
	u0( 1 0 )
	u0( 0 1 )
	u0( 1 1 )
	u0( 1 0 )
	u0( 1 1 )
	u0( 1 0 )
	u0( 0 1 )
	u0( 1 1 )
	u0( 1 0 )
	u0( 0 1 )
	u0( 1 1 )
	u0( 1 0 )
	u0( 0 1 )
	u0( 1 1 )
	u0( 1 0 )
	u0( 1 1 )
	u0( 1 0 )
	u0( 1 1 )
	u0( 1 0 )
	u0( 1 1 )
	u0( 1 0 )
	u0( 1 1 )
	u0( 1 0 )
	u0( 1 1 )
	u0( 1 0 )
	u0( 0 1 )
	u0( 1 1 )
	u0( 0 0 )
	u0( 1 0 )
	u0( 1 0 )
	u0( 0 0 )
	u0( 0 1 )
	u0( 1 1 )
	u0( 1 1 )
	u0( 1 0 )
	u0( 0 1 )
	u0( 0 0 )
	u0( 1 1 )
	u0( 0 0 )
	u0( 0 1 )
	u0( 0 1 )
	u0( 1 1 )
	u0( 1 0 )
	u0( 0 0 )
	u0( 1 1 )
	u0( 1 0 )
	u0( 0 0 )
	u0( 0 1 )
	u0( 1 1 )
	u0( 1 0 )
	u0( 0 0 )
	u0( 0 1 )
	u0( 1 0 )
	u0( 0 0 )
	u0( 0 1 )
	u0( 1 1 )
	u0( 1 0 )
	u0( 0 0 )
	u0( 0 1 )
	u0( 1 1 )
	u0( 1 0 )
	u0( 0 0 )
	u0( 0 1 )
	u0( 1 1 )
	u0( 1 0 )
	u0( 0 0 )
	u0( 0 1 )
	u0( 1 1 )
	u0( 1 0 )
	u0( 0 0 )
	u0( 0 1 )
	u0( 1 1 )
	u0( 1 1 )
	u0( 1 0 )
	u0( 0 0 )
	u0( 0 1 )
	u0( 0 1 )
	u0( 1 1 )
	u0( 1 0 )
	u0( 0 0 )
	u0( 1 0 )
	u0( 0 0 )
	u0( 0 1 )
	u0( 1 1 )
	u0( 1 1 )
	u0( 1 0 )
	u0( 0 0 )
	u0( 0 1 )
	u0( 1 0 )
	u0( 0 0 )
	u0( 0 1 )
	u0( 1 1 )
	u0( 1 0 )
	u0( 0 0 )
	u0( 0 1 )
	u0( 1 1 )
	u0( 1 0 )
	u0( 0 0 )
	u0( 0 1 )
	u0( 1 1 )
	u0( 1 0 )
	u0( 0 0 )
	u0( 0 1 )
	u0( 1 1 )
	u0( 0 1 )
	u0( 1 1 )
	u0( 1 0 )
	u0( 0 0 )
	ng( 4 )
	g( "rot" )
	mt( "material/Aluminum" )
	ni( 96 4 )
	i( 3 0 1 2 )
	i( 3 0 3 4 )
	i( 3 156 157 158 )
	i( 3 157 159 158 )
	i( 3 160 161 0 )
	i( 3 161 162 0 )
	i( 3 163 164 158 )
	i( 3 164 165 158 )
	i( 3 166 0 167 )
	i( 3 0 168 167 )
	i( 3 169 170 158 )
	i( 3 170 171 158 )
	i( 3 172 173 158 )
	i( 3 173 174 158 )
	i( 3 175 0 176 )
	i( 3 0 177 176 )
	i( 3 744 745 746 )
	i( 3 744 746 747 )
	i( 3 748 749 750 )
	i( 3 748 750 751 )
	i( 3 752 753 754 )
	i( 3 752 754 755 )
	i( 3 756 757 758 )
	i( 3 756 758 759 )
	i( 3 760 761 762 )
	i( 3 760 762 763 )
	i( 3 764 765 766 )
	i( 3 764 766 767 )
	i( 3 768 769 770 )
	i( 3 768 770 771 )
	i( 3 772 773 774 )
	i( 3 772 774 775 )
	g( "clip" )
	mt( "material/Aluminum" )
	ni( 234 4 )
	i( 3 5 6 7 )
	i( 3 8 9 10 )
	i( 3 11 12 13 )
	i( 3 14 15 16 )
	i( 3 17 18 19 )
	i( 3 20 21 22 )
	i( 3 23 24 25 )
	i( 3 26 27 28 )
	i( 3 29 21 30 )
	i( 3 31 32 33 )
	i( 3 34 35 36 )
	i( 3 37 38 39 )
	i( 3 178 179 180 )
	i( 3 178 180 181 )
	i( 3 182 183 184 )
	i( 3 182 184 185 )
	i( 3 186 187 188 )
	i( 3 186 188 189 )
	i( 3 190 191 192 )
	i( 3 190 192 193 )
	i( 3 194 195 196 )
	i( 3 195 197 196 )
	i( 3 198 199 200 )
	i( 3 199 201 200 )
	i( 3 202 203 204 )
	i( 3 202 204 205 )
	i( 3 206 207 208 )
	i( 3 206 208 209 )
	i( 3 210 211 212 )
	i( 3 210 212 213 )
	i( 3 214 215 216 )
	i( 3 214 216 217 )
	i( 3 218 219 220 )
	i( 3 218 220 221 )
	i( 3 222 223 224 )
	i( 3 222 224 225 )
	i( 3 226 227 228 )
	i( 3 226 228 229 )
	i( 3 230 231 30 )
	i( 3 231 29 30 )
	i( 3 232 26 233 )
	i( 3 26 28 233 )
	i( 3 234 235 236 )
	i( 3 237 238 239 )
	i( 3 240 241 242 )
	i( 3 243 244 245 )
	i( 3 246 247 248 )
	i( 3 246 248 249 )
	i( 3 250 251 252 )
	i( 3 250 252 253 )
	i( 3 254 255 256 )
	i( 3 254 256 257 )
	i( 3 693 694 695 )
	i( 3 694 696 695 )
	i( 3 697 698 699 )
	i( 3 697 699 700 )
	i( 3 701 702 703 )
	i( 3 702 704 703 )
	i( 3 705 21 706 )
	i( 3 705 706 707 )
	i( 3 708 709 710 )
	i( 3 708 710 711 )
	i( 3 712 713 714 )
	i( 3 712 714 715 )
	i( 3 716 717 718 )
	i( 3 716 718 719 )
	i( 3 720 721 722 )
	i( 3 720 722 723 )
	i( 3 724 725 726 )
	i( 3 724 726 727 )
	i( 3 728 729 730 )
	i( 3 728 730 731 )
	i( 3 732 733 734 )
	i( 3 732 734 735 )
	i( 3 736 737 738 )
	i( 3 736 738 739 )
	i( 3 740 741 742 )
	i( 3 740 742 743 )
	g( "paper" )
	mt( "material/clipboardPaperFloat" )
	ni( 138 5 )
	i( 3 83 82 81 )
	i( 3 82 80 82 )
	i( 3 85 84 53 )
	i( 3 53 84 84 )
	i( 3 84 82 86 )
	i( 3 86 49 49 )
	i( 3 48 53 52 )
	i( 3 84 88 86 )
	i( 3 74 86 75 )
	i( 3 86 87 82 )
	i( 3 83 83 48 )
	i( 3 48 50 52 )
	i( 3 54 88 79 )
	i( 3 74 74 54 )
	i( 3 54 79 55 )
	i( 3 55 50 50 )
	i( 3 50 54 51 )
	i( 3 55 67 79 )
	i( 3 78 74 72 )
	i( 3 75 72 73 )
	i( 3 70 70 70 )
	i( 3 70 72 76 )
	i( 3 78 62 67 )
	i( 3 66 51 46 )
	i( 3 50 44 50 )
	i( 3 48 48 44 )
	i( 3 44 42 48 )
	i( 3 48 66 66 )
	i( 3 66 64 46 )
	i( 3 47 44 45 )
	i( 3 42 40 42 )
	i( 3 41 42 43 )
	i( 3 42 49 48 )
	i( 3 48 60 60 )
	i( 3 60 58 64 )
	i( 3 64 47 47 )
	i( 3 47 64 65 )
	i( 3 58 59 58 )
	i( 3 57 58 56 )
	i( 3 58 61 60 )
	i( 3 63 63 73 )
	i( 3 73 70 68 )
	i( 3 70 69 70 )
	i( 3 71 70 77 )
	i( 3 76 63 62 )
	i( 3 60 66 64 )
	g( "board" )
	mt( "material/clipboard" )
	ni( 840 4 )
	i( 3 89 90 91 )
	i( 3 92 93 94 )
	i( 3 95 96 97 )
	i( 3 98 99 100 )
	i( 3 101 102 103 )
	i( 3 104 105 106 )
	i( 3 107 103 108 )
	i( 3 109 110 111 )
	i( 3 112 113 114 )
	i( 3 115 116 117 )
	i( 3 118 119 120 )
	i( 3 121 122 123 )
	i( 3 124 125 126 )
	i( 3 127 128 129 )
	i( 3 130 131 132 )
	i( 3 133 134 135 )
	i( 3 136 137 138 )
	i( 3 137 139 138 )
	i( 3 140 141 142 )
	i( 3 141 143 142 )
	i( 3 144 145 146 )
	i( 3 147 148 149 )
	i( 3 150 151 152 )
	i( 3 153 154 155 )
	i( 3 258 259 260 )
	i( 3 259 261 260 )
	i( 3 262 263 264 )
	i( 3 263 265 264 )
	i( 3 266 267 268 )
	i( 3 267 259 268 )
	i( 3 269 270 271 )
	i( 3 270 272 271 )
	i( 3 273 274 267 )
	i( 3 274 275 267 )
	i( 3 276 277 278 )
	i( 3 277 279 278 )
	i( 3 131 280 132 )
	i( 3 280 281 132 )
	i( 3 282 283 284 )
	i( 3 283 285 284 )
	i( 3 286 287 288 )
	i( 3 287 289 288 )
	i( 3 290 291 292 )
	i( 3 291 293 292 )
	i( 3 294 293 295 )
	i( 3 293 296 295 )
	i( 3 297 298 299 )
	i( 3 298 283 299 )
	i( 3 300 301 302 )
	i( 3 301 303 302 )
	i( 3 303 301 304 )
	i( 3 301 305 304 )
	i( 3 304 305 306 )
	i( 3 305 307 306 )
	i( 3 308 309 298 )
	i( 3 309 310 298 )
	i( 3 311 124 126 )
	i( 3 312 313 314 )
	i( 3 315 316 317 )
	i( 3 316 265 317 )
	i( 3 318 319 320 )
	i( 3 319 321 320 )
	i( 3 322 116 323 )
	i( 3 116 324 323 )
	i( 3 325 326 327 )
	i( 3 328 329 330 )
	i( 3 331 332 333 )
	i( 3 334 335 336 )
	i( 3 337 338 339 )
	i( 3 338 296 339 )
	i( 3 340 306 341 )
	i( 3 306 307 341 )
	i( 3 342 343 344 )
	i( 3 343 345 344 )
	i( 3 346 347 348 )
	i( 3 347 279 348 )
	i( 3 349 350 351 )
	i( 3 350 343 351 )
	i( 3 352 353 354 )
	i( 3 355 356 357 )
	i( 3 358 359 360 )
	i( 3 361 362 363 )
	i( 3 364 365 280 )
	i( 3 365 281 280 )
	i( 3 366 367 350 )
	i( 3 367 368 350 )
	i( 3 369 370 371 )
	i( 3 370 324 371 )
	i( 3 372 373 374 )
	i( 3 372 374 375 )
	i( 3 376 377 378 )
	i( 3 376 378 379 )
	i( 3 380 381 382 )
	i( 3 380 382 383 )
	i( 3 384 385 386 )
	i( 3 384 386 387 )
	i( 3 388 389 390 )
	i( 3 388 390 391 )
	i( 3 392 393 394 )
	i( 3 392 394 395 )
	i( 3 396 397 398 )
	i( 3 396 398 399 )
	i( 3 400 401 402 )
	i( 3 400 402 403 )
	i( 3 404 405 406 )
	i( 3 404 406 407 )
	i( 3 408 409 410 )
	i( 3 408 410 411 )
	i( 3 412 413 414 )
	i( 3 412 414 415 )
	i( 3 416 417 418 )
	i( 3 416 418 419 )
	i( 3 420 421 422 )
	i( 3 420 422 423 )
	i( 3 424 425 426 )
	i( 3 424 426 427 )
	i( 3 428 429 430 )
	i( 3 428 430 431 )
	i( 3 432 433 434 )
	i( 3 432 434 435 )
	i( 3 436 437 438 )
	i( 3 436 438 439 )
	i( 3 440 441 442 )
	i( 3 440 442 443 )
	i( 3 444 445 446 )
	i( 3 444 446 447 )
	i( 3 448 449 450 )
	i( 3 448 450 451 )
	i( 3 452 453 454 )
	i( 3 452 454 455 )
	i( 3 456 457 458 )
	i( 3 456 458 459 )
	i( 3 460 461 462 )
	i( 3 460 462 463 )
	i( 3 464 465 466 )
	i( 3 464 466 467 )
	i( 3 468 469 470 )
	i( 3 468 470 471 )
	i( 3 472 473 474 )
	i( 3 472 474 475 )
	i( 3 476 477 478 )
	i( 3 476 478 479 )
	i( 3 480 481 482 )
	i( 3 480 482 483 )
	i( 3 484 485 486 )
	i( 3 484 486 487 )
	i( 3 488 489 490 )
	i( 3 488 490 491 )
	i( 3 492 493 494 )
	i( 3 492 494 495 )
	i( 3 496 497 498 )
	i( 3 496 498 499 )
	i( 3 500 501 502 )
	i( 3 501 503 502 )
	i( 3 504 503 505 )
	i( 3 503 506 505 )
	i( 3 507 508 509 )
	i( 3 508 510 509 )
	i( 3 511 512 513 )
	i( 3 512 514 513 )
	i( 3 515 516 517 )
	i( 3 516 518 517 )
	i( 3 519 518 520 )
	i( 3 518 521 520 )
	i( 3 522 523 524 )
	i( 3 523 508 524 )
	i( 3 525 526 527 )
	i( 3 526 512 527 )
	i( 3 528 529 530 )
	i( 3 529 515 530 )
	i( 3 531 532 533 )
	i( 3 532 519 533 )
	i( 3 534 535 536 )
	i( 3 535 523 536 )
	i( 3 537 538 539 )
	i( 3 538 526 539 )
	i( 3 540 541 542 )
	i( 3 541 529 542 )
	i( 3 543 544 545 )
	i( 3 544 532 545 )
	i( 3 546 547 548 )
	i( 3 547 535 548 )
	i( 3 548 549 550 )
	i( 3 548 550 551 )
	i( 3 552 553 554 )
	i( 3 553 555 554 )
	i( 3 556 555 557 )
	i( 3 555 558 557 )
	i( 3 559 560 561 )
	i( 3 560 562 561 )
	i( 3 563 564 565 )
	i( 3 564 566 565 )
	i( 3 567 568 569 )
	i( 3 568 570 569 )
	i( 3 571 570 572 )
	i( 3 570 573 572 )
	i( 3 574 575 576 )
	i( 3 575 560 576 )
	i( 3 577 578 579 )
	i( 3 578 564 579 )
	i( 3 580 581 582 )
	i( 3 581 567 582 )
	i( 3 583 584 585 )
	i( 3 584 571 585 )
	i( 3 586 587 588 )
	i( 3 587 575 588 )
	i( 3 589 590 591 )
	i( 3 590 578 591 )
	i( 3 511 592 593 )
	i( 3 592 581 593 )
	i( 3 525 594 595 )
	i( 3 594 584 595 )
	i( 3 537 596 597 )
	i( 3 596 587 597 )
	i( 3 597 598 550 )
	i( 3 597 550 599 )
	i( 3 600 601 602 )
	i( 3 601 603 602 )
	i( 3 604 603 605 )
	i( 3 603 606 605 )
	i( 3 607 608 609 )
	i( 3 608 610 609 )
	i( 3 611 612 613 )
	i( 3 612 614 613 )
	i( 3 615 616 617 )
	i( 3 616 618 617 )
	i( 3 619 618 620 )
	i( 3 618 621 620 )
	i( 3 622 623 624 )
	i( 3 623 608 624 )
	i( 3 625 626 627 )
	i( 3 626 612 627 )
	i( 3 628 629 630 )
	i( 3 629 615 630 )
	i( 3 631 632 633 )
	i( 3 632 619 633 )
	i( 3 634 635 636 )
	i( 3 635 623 636 )
	i( 3 637 638 639 )
	i( 3 638 626 639 )
	i( 3 563 640 641 )
	i( 3 640 629 641 )
	i( 3 577 642 643 )
	i( 3 642 632 643 )
	i( 3 589 644 645 )
	i( 3 644 635 645 )
	i( 3 645 646 550 )
	i( 3 645 550 647 )
	i( 3 648 649 650 )
	i( 3 649 651 650 )
	i( 3 652 651 653 )
	i( 3 651 654 653 )
	i( 3 655 656 657 )
	i( 3 656 658 657 )
	i( 3 540 659 660 )
	i( 3 659 661 660 )
	i( 3 662 663 664 )
	i( 3 663 665 664 )
	i( 3 666 665 667 )
	i( 3 665 668 667 )
	i( 3 669 670 671 )
	i( 3 670 656 671 )
	i( 3 543 672 673 )
	i( 3 672 659 673 )
	i( 3 674 675 676 )
	i( 3 675 662 676 )
	i( 3 677 678 679 )
	i( 3 678 666 679 )
	i( 3 680 681 682 )
	i( 3 681 670 682 )
	i( 3 546 683 684 )
	i( 3 683 672 684 )
	i( 3 611 685 686 )
	i( 3 685 675 686 )
	i( 3 625 687 688 )
	i( 3 687 678 688 )
	i( 3 637 689 690 )
	i( 3 689 681 690 )
	i( 3 691 690 692 )
	i( 3 691 692 550 )
}
