object( "object/couch" )
{
	l( 3.18 1.865 0.356 )
	ra( 1.904 )
	di( 0.635 1.7 0.575 )
	vb( 30816 15408 0 0 0 )
	v( -0.393 0.892 0.01 )
	v( -0.426 0.954 -0.061 )
	v( -0.419 0.941 -0.073 )
	v( 0.191 1.198 0.01 )
	v( 0.174 1.232 -0.083 )
	v( 0.165 1.247 -0.073 )
	v( 0.234 1.116 -0.029 )
	v( 0.23 1.124 -0.046 )
	v( 0.146 1.285 -0.01 )
	v( 0.145 1.286 0.01 )
	v( -0.427 -1.279 0.01 )
	v( -0.442 -1.376 0.029 )
	v( -0.441 -1.371 0.048 )
	v( -0.412 -1.188 -0.029 )
	v( -0.414 -1.197 -0.046 )
	v( -0.416 -1.209 -0.061 )
	v( 0.24 -1.286 -0.01 )
	v( 0.238 -1.301 -0.046 )
	v( 0.239 -1.292 -0.029 )
	v( -0.411 -1.181 0.01 )
	v( -0.412 -1.182 -0.01 )
	v( 0.24 -1.286 0.029 )
	v( 0.241 -1.284 0.01 )
	v( -0.414 -1.197 0.065 )
	v( -0.412 -1.188 0.048 )
	v( -0.412 -1.182 0.029 )
	v( 0.236 -1.313 0.08 )
	v( 0.239 -1.292 0.048 )
	v( 0.238 -1.301 0.065 )
	v( 0.231 -1.345 0.102 )
	v( 0.234 -1.328 0.093 )
	v( -0.421 -1.241 0.102 )
	v( -0.418 -1.224 0.093 )
	v( -0.416 -1.209 0.08 )
	v( 0.225 -1.383 0.11 )
	v( 0.228 -1.364 0.108 )
	v( -0.427 -1.279 0.11 )
	v( -0.424 -1.26 0.108 )
	v( 0.219 -1.421 0.102 )
	v( 0.222 -1.402 0.108 )
	v( -0.433 -1.317 0.102 )
	v( -0.43 -1.299 0.108 )
	v( 0.214 -1.453 0.08 )
	v( 0.216 -1.438 0.093 )
	v( -0.438 -1.349 0.08 )
	v( -0.436 -1.334 0.093 )
	v( 0.21 -1.474 0.048 )
	v( 0.212 -1.465 0.065 )
	v( -0.44 -1.361 0.065 )
	v( 0.209 -1.482 0.01 )
	v( 0.209 -1.48 0.029 )
	v( -0.442 -1.376 -0.01 )
	v( -0.443 -1.378 0.01 )
	v( 0.21 -1.474 -0.029 )
	v( 0.209 -1.48 -0.01 )
	v( -0.44 -1.361 -0.046 )
	v( -0.441 -1.371 -0.029 )
	v( 0.214 -1.453 -0.061 )
	v( 0.212 -1.465 -0.046 )
	v( -0.433 -1.317 -0.083 )
	v( -0.436 -1.334 -0.073 )
	v( -0.438 -1.349 -0.061 )
	v( 0.228 -1.364 -0.088 )
	v( 0.222 -1.402 -0.088 )
	v( 0.225 -1.383 -0.09 )
	v( -0.424 -1.26 -0.088 )
	v( -0.427 -1.279 -0.09 )
	v( -0.43 -1.299 -0.088 )
	v( 0.234 -1.328 -0.073 )
	v( 0.231 -1.345 -0.083 )
	v( 0.236 -1.313 -0.061 )
	v( -0.418 -1.224 -0.073 )
	v( -0.421 -1.241 -0.083 )
	v( -0.436 0.973 -0.029 )
	v( -0.432 0.965 -0.046 )
	v( 0.153 1.271 -0.046 )
	v( 0.148 1.28 -0.029 )
	v( -0.44 0.98 0.01 )
	v( -0.439 0.978 -0.01 )
	v( 0.148 1.28 0.048 )
	v( 0.146 1.285 0.029 )
	v( -0.436 0.973 0.048 )
	v( -0.439 0.978 0.029 )
	v( 0.158 1.26 0.08 )
	v( 0.153 1.271 0.065 )
	v( -0.426 0.954 0.08 )
	v( -0.432 0.965 0.065 )
	v( 0.191 1.198 0.11 )
	v( 0.174 1.232 0.102 )
	v( 0.182 1.215 0.108 )
	v( -0.393 0.892 0.11 )
	v( -0.402 0.909 0.108 )
	v( -0.411 0.925 0.102 )
	v( 0.209 1.164 0.102 )
	v( 0.2 1.181 0.108 )
	v( -0.376 0.858 0.102 )
	v( -0.384 0.874 0.108 )
	v( 0.224 1.135 0.08 )
	v( 0.217 1.149 0.093 )
	v( -0.361 0.829 0.08 )
	v( -0.368 0.842 0.093 )
	v( 0.234 1.116 0.048 )
	v( 0.23 1.124 0.065 )
	v( -0.35 0.81 0.048 )
	v( -0.355 0.818 0.065 )
	v( 0.238 1.109 0.01 )
	v( 0.237 1.111 0.029 )
	v( -0.347 0.803 0.01 )
	v( -0.348 0.805 0.029 )
	v( 0.237 1.111 -0.01 )
	v( -0.35 0.81 -0.029 )
	v( -0.348 0.805 -0.01 )
	v( -0.361 0.829 -0.061 )
	v( -0.355 0.818 -0.046 )
	v( 0.217 1.149 -0.073 )
	v( 0.224 1.135 -0.061 )
	v( 0.191 1.198 -0.09 )
	v( 0.209 1.164 -0.083 )
	v( 0.2 1.181 -0.088 )
	v( -0.402 0.909 -0.088 )
	v( -0.393 0.892 -0.09 )
	v( -0.384 0.874 -0.088 )
	v( 0.182 1.215 -0.088 )
	v( -0.411 0.925 -0.083 )
	v( 0.158 1.26 -0.061 )
	v( -0.376 0.858 -0.083 )
	v( -0.368 0.842 -0.073 )
	v( -0.419 0.941 0.093 )
	v( 0.165 1.247 0.093 )
	v( 0.225 -1.383 0.01 )
	v( 0.216 -1.438 -0.073 )
	v( 0.219 -1.421 -0.083 )
	v( -0.5 -0.496 -0.184 )
	v( -0.493 -0.505 -0.272 )
	v( -0.505 -0.99 -0.184 )
	v( -0.493 -0.505 -0.272 )
	v( -0.5 -0.99 -0.273 )
	v( -0.505 -0.99 -0.184 )
	v( -0.5 -0.99 -0.094 )
	v( -0.493 -0.505 -0.095 )
	v( -0.505 -0.99 -0.184 )
	v( -0.493 -0.505 -0.095 )
	v( -0.5 -0.496 -0.184 )
	v( -0.505 -0.99 -0.184 )
	v( -0.5 -1.484 -0.184 )
	v( -0.493 -1.475 -0.095 )
	v( -0.505 -0.99 -0.184 )
	v( -0.493 -1.475 -0.095 )
	v( -0.5 -0.99 -0.094 )
	v( -0.505 -0.99 -0.184 )
	v( -0.5 -0.99 -0.273 )
	v( -0.493 -1.475 -0.272 )
	v( -0.505 -0.99 -0.184 )
	v( -0.493 -1.475 -0.272 )
	v( -0.5 -1.484 -0.184 )
	v( -0.505 -0.99 -0.184 )
	v( -0.5 -1.484 -0.184 )
	v( -0.493 -1.475 -0.272 )
	v( -0.105 -1.49 -0.184 )
	v( -0.493 -1.475 -0.272 )
	v( -0.105 -1.484 -0.273 )
	v( -0.105 -1.49 -0.184 )
	v( -0.105 -1.484 -0.094 )
	v( -0.493 -1.475 -0.095 )
	v( -0.105 -1.49 -0.184 )
	v( -0.493 -1.475 -0.095 )
	v( -0.5 -1.484 -0.184 )
	v( -0.105 -1.49 -0.184 )
	v( 0.29 -1.484 -0.184 )
	v( 0.283 -1.475 -0.095 )
	v( -0.105 -1.49 -0.184 )
	v( 0.283 -1.475 -0.095 )
	v( -0.105 -1.484 -0.094 )
	v( -0.105 -1.49 -0.184 )
	v( -0.105 -1.484 -0.273 )
	v( 0.283 -1.475 -0.272 )
	v( -0.105 -1.49 -0.184 )
	v( 0.283 -1.475 -0.272 )
	v( 0.29 -1.484 -0.184 )
	v( -0.105 -1.49 -0.184 )
	v( 0.29 -0.99 -0.094 )
	v( 0.283 -1.475 -0.095 )
	v( 0.295 -0.99 -0.184 )
	v( 0.283 -1.475 -0.095 )
	v( 0.29 -1.484 -0.184 )
	v( 0.295 -0.99 -0.184 )
	v( 0.29 -0.496 -0.184 )
	v( 0.283 -0.505 -0.095 )
	v( 0.295 -0.99 -0.184 )
	v( 0.283 -0.505 -0.095 )
	v( 0.29 -0.99 -0.094 )
	v( 0.295 -0.99 -0.184 )
	v( -0.105 -1.484 -0.094 )
	v( 0.283 -1.475 -0.095 )
	v( -0.105 -0.99 -0.093 )
	v( 0.283 -1.475 -0.095 )
	v( 0.29 -0.99 -0.094 )
	v( -0.105 -0.99 -0.093 )
	v( -0.5 -0.99 -0.094 )
	v( -0.493 -1.475 -0.095 )
	v( -0.105 -0.99 -0.093 )
	v( -0.493 -1.475 -0.095 )
	v( -0.105 -1.484 -0.094 )
	v( -0.105 -0.99 -0.093 )
	v( -0.105 -0.496 -0.094 )
	v( -0.493 -0.505 -0.095 )
	v( -0.105 -0.99 -0.093 )
	v( -0.493 -0.505 -0.095 )
	v( -0.5 -0.99 -0.094 )
	v( -0.105 -0.99 -0.093 )
	v( 0.29 -0.99 -0.094 )
	v( 0.283 -0.505 -0.095 )
	v( -0.105 -0.99 -0.093 )
	v( 0.283 -0.505 -0.095 )
	v( -0.105 -0.496 -0.094 )
	v( -0.105 -0.99 -0.093 )
	v( 0.275 -1.37 -0.575 )
	v( 0.275 -1.37 -0.475 )
	v( 0.375 -1.37 -0.475 )
	v( 0.375 -1.37 -0.575 )
	v( 0.275 -1.37 -0.475 )
	v( 0.275 -1.37 -0.575 )
	v( 0.275 -1.47 -0.575 )
	v( 0.275 -1.47 -0.475 )
	v( 0.375 -1.47 -0.475 )
	v( 0.275 -1.47 -0.475 )
	v( 0.275 -1.47 -0.575 )
	v( 0.375 -1.47 -0.575 )
	v( 0.275 1.49 -0.575 )
	v( 0.275 1.49 -0.475 )
	v( 0.375 1.49 -0.475 )
	v( 0.375 1.49 -0.575 )
	v( 0.275 1.39 -0.475 )
	v( 0.275 1.49 -0.475 )
	v( 0.275 1.49 -0.575 )
	v( 0.275 1.39 -0.575 )
	v( 0.375 1.39 -0.575 )
	v( 0.375 1.39 -0.475 )
	v( 0.275 1.39 -0.475 )
	v( 0.275 1.39 -0.575 )
	v( -0.605 1.49 -0.575 )
	v( -0.605 1.49 -0.475 )
	v( -0.505 1.49 -0.475 )
	v( -0.505 1.49 -0.575 )
	v( -0.605 1.49 -0.475 )
	v( -0.605 1.49 -0.575 )
	v( -0.605 1.39 -0.575 )
	v( -0.605 1.39 -0.475 )
	v( -0.505 1.39 -0.475 )
	v( -0.605 1.39 -0.475 )
	v( -0.605 1.39 -0.575 )
	v( -0.505 1.39 -0.575 )
	v( -0.505 -1.37 -0.575 )
	v( -0.605 -1.37 -0.575 )
	v( -0.605 -1.37 -0.475 )
	v( -0.505 -1.37 -0.475 )
	v( -0.605 -1.37 -0.475 )
	v( -0.605 -1.37 -0.575 )
	v( -0.605 -1.47 -0.575 )
	v( -0.605 -1.47 -0.475 )
	v( -0.505 -1.47 -0.575 )
	v( -0.505 -1.47 -0.475 )
	v( -0.605 -1.47 -0.475 )
	v( -0.605 -1.47 -0.575 )
	v( -0.414 -1.197 -0.046 )
	v( 0.238 -1.301 -0.046 )
	v( 0.236 -1.313 -0.061 )
	v( -0.416 -1.209 -0.061 )
	v( 0.238 -1.301 -0.046 )
	v( -0.414 -1.197 -0.046 )
	v( -0.412 -1.188 -0.029 )
	v( 0.239 -1.292 -0.029 )
	v( 0.24 -1.286 -0.01 )
	v( 0.239 -1.292 -0.029 )
	v( -0.412 -1.182 -0.01 )
	v( -0.412 -1.188 -0.029 )
	v( 0.241 -1.284 0.01 )
	v( 0.24 -1.286 -0.01 )
	v( -0.412 -1.182 -0.01 )
	v( -0.411 -1.181 0.01 )
	v( 0.24 -1.286 0.029 )
	v( 0.241 -1.284 0.01 )
	v( -0.412 -1.182 0.029 )
	v( -0.411 -1.181 0.01 )
	v( 0.239 -1.292 0.048 )
	v( 0.24 -1.286 0.029 )
	v( -0.412 -1.182 0.029 )
	v( -0.412 -1.188 0.048 )
	v( 0.238 -1.301 0.065 )
	v( 0.239 -1.292 0.048 )
	v( -0.412 -1.188 0.048 )
	v( -0.414 -1.197 0.065 )
	v( -0.416 -1.209 0.08 )
	v( 0.236 -1.313 0.08 )
	v( 0.238 -1.301 0.065 )
	v( -0.414 -1.197 0.065 )
	v( 0.234 -1.328 0.093 )
	v( 0.236 -1.313 0.08 )
	v( -0.418 -1.224 0.093 )
	v( -0.416 -1.209 0.08 )
	v( 0.231 -1.345 0.102 )
	v( 0.234 -1.328 0.093 )
	v( -0.418 -1.224 0.093 )
	v( -0.421 -1.241 0.102 )
	v( -0.424 -1.26 0.108 )
	v( 0.228 -1.364 0.108 )
	v( 0.231 -1.345 0.102 )
	v( -0.421 -1.241 0.102 )
	v( 0.225 -1.383 0.11 )
	v( 0.228 -1.364 0.108 )
	v( -0.424 -1.26 0.108 )
	v( -0.427 -1.279 0.11 )
	v( -0.43 -1.299 0.108 )
	v( 0.222 -1.402 0.108 )
	v( -0.427 -1.279 0.11 )
	v( 0.225 -1.383 0.11 )
	v( 0.219 -1.421 0.102 )
	v( 0.222 -1.402 0.108 )
	v( -0.433 -1.317 0.102 )
	v( -0.43 -1.299 0.108 )
	v( 0.216 -1.438 0.093 )
	v( 0.219 -1.421 0.102 )
	v( -0.433 -1.317 0.102 )
	v( -0.436 -1.334 0.093 )
	v( 0.214 -1.453 0.08 )
	v( 0.216 -1.438 0.093 )
	v( -0.436 -1.334 0.093 )
	v( -0.438 -1.349 0.08 )
	v( -0.44 -1.361 0.065 )
	v( 0.212 -1.465 0.065 )
	v( -0.438 -1.349 0.08 )
	v( 0.214 -1.453 0.08 )
	v( 0.21 -1.474 0.048 )
	v( 0.212 -1.465 0.065 )
	v( -0.44 -1.361 0.065 )
	v( -0.441 -1.371 0.048 )
	v( 0.21 -1.474 0.048 )
	v( -0.441 -1.371 0.048 )
	v( -0.442 -1.376 0.029 )
	v( 0.209 -1.48 0.029 )
	v( 0.209 -1.48 0.029 )
	v( -0.442 -1.376 0.029 )
	v( -0.443 -1.378 0.01 )
	v( 0.209 -1.482 0.01 )
	v( 0.209 -1.482 0.01 )
	v( -0.443 -1.378 0.01 )
	v( -0.442 -1.376 -0.01 )
	v( 0.209 -1.48 -0.01 )
	v( 0.21 -1.474 -0.029 )
	v( 0.209 -1.48 -0.01 )
	v( -0.442 -1.376 -0.01 )
	v( -0.441 -1.371 -0.029 )
	v( 0.21 -1.474 -0.029 )
	v( -0.441 -1.371 -0.029 )
	v( -0.44 -1.361 -0.046 )
	v( 0.212 -1.465 -0.046 )
	v( 0.214 -1.453 -0.061 )
	v( 0.212 -1.465 -0.046 )
	v( -0.438 -1.349 -0.061 )
	v( -0.44 -1.361 -0.046 )
	v( 0.214 -1.453 -0.061 )
	v( -0.438 -1.349 -0.061 )
	v( -0.436 -1.334 -0.073 )
	v( 0.216 -1.438 -0.073 )
	v( 0.216 -1.438 -0.073 )
	v( -0.436 -1.334 -0.073 )
	v( -0.433 -1.317 -0.083 )
	v( 0.219 -1.421 -0.083 )
	v( 0.219 -1.421 -0.083 )
	v( -0.433 -1.317 -0.083 )
	v( -0.43 -1.299 -0.088 )
	v( 0.222 -1.402 -0.088 )
	v( 0.222 -1.402 -0.088 )
	v( -0.43 -1.299 -0.088 )
	v( -0.427 -1.279 -0.09 )
	v( 0.225 -1.383 -0.09 )
	v( 0.225 -1.383 -0.09 )
	v( -0.427 -1.279 -0.09 )
	v( 0.228 -1.364 -0.088 )
	v( -0.424 -1.26 -0.088 )
	v( 0.231 -1.345 -0.083 )
	v( 0.228 -1.364 -0.088 )
	v( -0.421 -1.241 -0.083 )
	v( -0.424 -1.26 -0.088 )
	v( 0.234 -1.328 -0.073 )
	v( 0.231 -1.345 -0.083 )
	v( -0.421 -1.241 -0.083 )
	v( -0.418 -1.224 -0.073 )
	v( 0.234 -1.328 -0.073 )
	v( -0.418 -1.224 -0.073 )
	v( -0.416 -1.209 -0.061 )
	v( 0.236 -1.313 -0.061 )
	v( 0.615 1.52 0.575 )
	v( 0.505 1.52 -0.445 )
	v( 0.465 1.52 0.575 )
	v( 0.355 1.52 -0.445 )
	v( 0.465 -1.5 0.575 )
	v( 0.465 1.52 0.575 )
	v( 0.355 -1.5 -0.445 )
	v( 0.355 1.52 -0.445 )
	v( 0.615 -1.5 0.575 )
	v( 0.465 -1.5 0.575 )
	v( 0.505 -1.5 -0.445 )
	v( 0.355 -1.5 -0.445 )
	v( 0.465 1.52 0.575 )
	v( 0.465 -1.5 0.575 )
	v( 0.615 1.52 0.575 )
	v( 0.615 -1.5 0.575 )
	v( 0.505 -1.5 -0.445 )
	v( 0.355 -1.5 -0.445 )
	v( 0.505 1.52 -0.445 )
	v( 0.355 1.52 -0.445 )
	v( 0.395 -1.5 -0.275 )
	v( 0.395 1.52 -0.275 )
	v( -0.635 -1.5 -0.275 )
	v( -0.635 1.52 -0.275 )
	v( -0.625 1.52 -0.475 )
	v( 0.395 1.52 -0.475 )
	v( -0.625 -1.5 -0.475 )
	v( 0.395 -1.5 -0.475 )
	v( -0.625 -1.5 -0.475 )
	v( -0.635 -1.5 -0.275 )
	v( -0.625 1.52 -0.475 )
	v( -0.635 1.52 -0.275 )
	v( -0.5 0.504 -0.184 )
	v( -0.493 0.495 -0.272 )
	v( -0.505 0.01 -0.184 )
	v( -0.493 0.495 -0.272 )
	v( -0.5 0.01 -0.273 )
	v( -0.505 0.01 -0.184 )
	v( -0.5 0.01 -0.094 )
	v( -0.493 0.495 -0.095 )
	v( -0.505 0.01 -0.184 )
	v( -0.493 0.495 -0.095 )
	v( -0.5 0.504 -0.184 )
	v( -0.505 0.01 -0.184 )
	v( -0.5 -0.484 -0.184 )
	v( -0.493 -0.475 -0.095 )
	v( -0.505 0.01 -0.184 )
	v( -0.493 -0.475 -0.095 )
	v( -0.5 0.01 -0.094 )
	v( -0.505 0.01 -0.184 )
	v( -0.5 0.01 -0.273 )
	v( -0.493 -0.475 -0.272 )
	v( -0.505 0.01 -0.184 )
	v( -0.493 -0.475 -0.272 )
	v( -0.5 -0.484 -0.184 )
	v( -0.505 0.01 -0.184 )
	v( -0.5 -0.484 -0.184 )
	v( -0.493 -0.475 -0.272 )
	v( -0.105 -0.49 -0.184 )
	v( -0.493 -0.475 -0.272 )
	v( -0.105 -0.484 -0.273 )
	v( -0.105 -0.49 -0.184 )
	v( -0.105 -0.484 -0.094 )
	v( -0.493 -0.475 -0.095 )
	v( -0.105 -0.49 -0.184 )
	v( -0.493 -0.475 -0.095 )
	v( -0.5 -0.484 -0.184 )
	v( -0.105 -0.49 -0.184 )
	v( 0.29 -0.484 -0.184 )
	v( 0.283 -0.475 -0.095 )
	v( -0.105 -0.49 -0.184 )
	v( 0.283 -0.475 -0.095 )
	v( -0.105 -0.484 -0.094 )
	v( -0.105 -0.49 -0.184 )
	v( -0.105 -0.484 -0.273 )
	v( 0.283 -0.475 -0.272 )
	v( -0.105 -0.49 -0.184 )
	v( 0.283 -0.475 -0.272 )
	v( 0.29 -0.484 -0.184 )
	v( -0.105 -0.49 -0.184 )
	v( 0.29 0.01 -0.094 )
	v( 0.283 -0.475 -0.095 )
	v( 0.295 0.01 -0.184 )
	v( 0.283 -0.475 -0.095 )
	v( 0.29 -0.484 -0.184 )
	v( 0.295 0.01 -0.184 )
	v( 0.29 0.504 -0.184 )
	v( 0.283 0.495 -0.095 )
	v( 0.295 0.01 -0.184 )
	v( 0.283 0.495 -0.095 )
	v( 0.29 0.01 -0.094 )
	v( 0.295 0.01 -0.184 )
	v( -0.105 -0.484 -0.094 )
	v( 0.283 -0.475 -0.095 )
	v( -0.105 0.01 -0.093 )
	v( 0.283 -0.475 -0.095 )
	v( 0.29 0.01 -0.094 )
	v( -0.105 0.01 -0.093 )
	v( -0.5 0.01 -0.094 )
	v( -0.493 -0.475 -0.095 )
	v( -0.105 0.01 -0.093 )
	v( -0.493 -0.475 -0.095 )
	v( -0.105 -0.484 -0.094 )
	v( -0.105 0.01 -0.093 )
	v( -0.105 0.504 -0.094 )
	v( -0.493 0.495 -0.095 )
	v( -0.105 0.01 -0.093 )
	v( -0.493 0.495 -0.095 )
	v( -0.5 0.01 -0.094 )
	v( -0.105 0.01 -0.093 )
	v( 0.29 0.01 -0.094 )
	v( 0.283 0.495 -0.095 )
	v( -0.105 0.01 -0.093 )
	v( 0.283 0.495 -0.095 )
	v( -0.105 0.504 -0.094 )
	v( -0.105 0.01 -0.093 )
	v( -0.5 1.504 -0.184 )
	v( -0.493 1.495 -0.095 )
	v( -0.105 1.51 -0.184 )
	v( -0.493 1.495 -0.095 )
	v( -0.105 1.504 -0.094 )
	v( -0.105 1.51 -0.184 )
	v( -0.105 1.504 -0.273 )
	v( -0.493 1.495 -0.272 )
	v( -0.105 1.51 -0.184 )
	v( -0.493 1.495 -0.272 )
	v( -0.5 1.504 -0.184 )
	v( -0.105 1.51 -0.184 )
	v( 0.29 1.504 -0.184 )
	v( 0.283 1.495 -0.272 )
	v( -0.105 1.51 -0.184 )
	v( 0.283 1.495 -0.272 )
	v( -0.105 1.504 -0.273 )
	v( -0.105 1.51 -0.184 )
	v( -0.105 1.504 -0.094 )
	v( 0.283 1.495 -0.095 )
	v( -0.105 1.51 -0.184 )
	v( 0.283 1.495 -0.095 )
	v( 0.29 1.504 -0.184 )
	v( -0.105 1.51 -0.184 )
	v( -0.5 1.504 -0.184 )
	v( -0.493 1.495 -0.272 )
	v( -0.505 1.01 -0.184 )
	v( -0.493 1.495 -0.272 )
	v( -0.5 1.01 -0.273 )
	v( -0.505 1.01 -0.184 )
	v( -0.5 1.01 -0.094 )
	v( -0.493 1.495 -0.095 )
	v( -0.505 1.01 -0.184 )
	v( -0.493 1.495 -0.095 )
	v( -0.5 1.504 -0.184 )
	v( -0.505 1.01 -0.184 )
	v( -0.5 0.516 -0.184 )
	v( -0.493 0.525 -0.095 )
	v( -0.505 1.01 -0.184 )
	v( -0.493 0.525 -0.095 )
	v( -0.5 1.01 -0.094 )
	v( -0.505 1.01 -0.184 )
	v( -0.5 1.01 -0.273 )
	v( -0.493 0.525 -0.272 )
	v( -0.505 1.01 -0.184 )
	v( -0.493 0.525 -0.272 )
	v( -0.5 0.516 -0.184 )
	v( -0.505 1.01 -0.184 )
	v( -0.5 0.516 -0.184 )
	v( -0.493 0.525 -0.272 )
	v( -0.105 0.51 -0.184 )
	v( -0.493 0.525 -0.272 )
	v( -0.105 0.516 -0.273 )
	v( -0.105 0.51 -0.184 )
	v( -0.105 0.516 -0.094 )
	v( -0.493 0.525 -0.095 )
	v( -0.105 0.51 -0.184 )
	v( -0.493 0.525 -0.095 )
	v( -0.5 0.516 -0.184 )
	v( -0.105 0.51 -0.184 )
	v( 0.29 0.516 -0.184 )
	v( 0.283 0.525 -0.095 )
	v( -0.105 0.51 -0.184 )
	v( 0.283 0.525 -0.095 )
	v( -0.105 0.516 -0.094 )
	v( -0.105 0.51 -0.184 )
	v( -0.105 0.516 -0.273 )
	v( 0.283 0.525 -0.272 )
	v( -0.105 0.51 -0.184 )
	v( 0.283 0.525 -0.272 )
	v( 0.29 0.516 -0.184 )
	v( -0.105 0.51 -0.184 )
	v( 0.29 1.01 -0.094 )
	v( 0.283 0.525 -0.095 )
	v( 0.295 1.01 -0.184 )
	v( 0.283 0.525 -0.095 )
	v( 0.29 0.516 -0.184 )
	v( 0.295 1.01 -0.184 )
	v( 0.29 1.504 -0.184 )
	v( 0.283 1.495 -0.095 )
	v( 0.295 1.01 -0.184 )
	v( 0.283 1.495 -0.095 )
	v( 0.29 1.01 -0.094 )
	v( 0.295 1.01 -0.184 )
	v( -0.105 0.516 -0.094 )
	v( 0.283 0.525 -0.095 )
	v( -0.105 1.01 -0.093 )
	v( 0.283 0.525 -0.095 )
	v( 0.29 1.01 -0.094 )
	v( -0.105 1.01 -0.093 )
	v( -0.5 1.01 -0.094 )
	v( -0.493 0.525 -0.095 )
	v( -0.105 1.01 -0.093 )
	v( -0.493 0.525 -0.095 )
	v( -0.105 0.516 -0.094 )
	v( -0.105 1.01 -0.093 )
	v( -0.105 1.504 -0.094 )
	v( -0.493 1.495 -0.095 )
	v( -0.105 1.01 -0.093 )
	v( -0.493 1.495 -0.095 )
	v( -0.5 1.01 -0.094 )
	v( -0.105 1.01 -0.093 )
	v( 0.29 1.01 -0.094 )
	v( 0.283 1.495 -0.095 )
	v( -0.105 1.01 -0.093 )
	v( 0.283 1.495 -0.095 )
	v( -0.105 1.504 -0.094 )
	v( -0.105 1.01 -0.093 )
	v( -0.426 0.954 -0.061 )
	v( -0.432 0.965 -0.046 )
	v( 0.153 1.271 -0.046 )
	v( 0.158 1.26 -0.061 )
	v( 0.148 1.28 -0.029 )
	v( 0.153 1.271 -0.046 )
	v( -0.432 0.965 -0.046 )
	v( -0.436 0.973 -0.029 )
	v( 0.146 1.285 -0.01 )
	v( 0.148 1.28 -0.029 )
	v( -0.439 0.978 -0.01 )
	v( -0.436 0.973 -0.029 )
	v( -0.44 0.98 0.01 )
	v( 0.145 1.286 0.01 )
	v( 0.146 1.285 -0.01 )
	v( -0.439 0.978 -0.01 )
	v( 0.146 1.285 0.029 )
	v( 0.145 1.286 0.01 )
	v( -0.439 0.978 0.029 )
	v( -0.44 0.98 0.01 )
	v( 0.148 1.28 0.048 )
	v( 0.146 1.285 0.029 )
	v( -0.439 0.978 0.029 )
	v( -0.436 0.973 0.048 )
	v( 0.148 1.28 0.048 )
	v( -0.436 0.973 0.048 )
	v( -0.432 0.965 0.065 )
	v( 0.153 1.271 0.065 )
	v( 0.153 1.271 0.065 )
	v( -0.432 0.965 0.065 )
	v( -0.426 0.954 0.08 )
	v( 0.158 1.26 0.08 )
	v( 0.165 1.247 0.093 )
	v( 0.158 1.26 0.08 )
	v( -0.426 0.954 0.08 )
	v( -0.419 0.941 0.093 )
	v( 0.174 1.232 0.102 )
	v( 0.165 1.247 0.093 )
	v( -0.411 0.925 0.102 )
	v( -0.419 0.941 0.093 )
	v( 0.174 1.232 0.102 )
	v( -0.411 0.925 0.102 )
	v( -0.402 0.909 0.108 )
	v( 0.182 1.215 0.108 )
	v( 0.191 1.198 0.11 )
	v( 0.182 1.215 0.108 )
	v( -0.393 0.892 0.11 )
	v( -0.402 0.909 0.108 )
	v( 0.191 1.198 0.11 )
	v( -0.393 0.892 0.11 )
	v( -0.384 0.874 0.108 )
	v( 0.2 1.181 0.108 )
	v( 0.2 1.181 0.108 )
	v( -0.384 0.874 0.108 )
	v( -0.376 0.858 0.102 )
	v( 0.209 1.164 0.102 )
	v( 0.209 1.164 0.102 )
	v( -0.376 0.858 0.102 )
	v( -0.368 0.842 0.093 )
	v( 0.217 1.149 0.093 )
	v( 0.217 1.149 0.093 )
	v( -0.368 0.842 0.093 )
	v( -0.361 0.829 0.08 )
	v( 0.224 1.135 0.08 )
	v( 0.23 1.124 0.065 )
	v( 0.224 1.135 0.08 )
	v( -0.361 0.829 0.08 )
	v( -0.355 0.818 0.065 )
	v( 0.234 1.116 0.048 )
	v( 0.23 1.124 0.065 )
	v( -0.35 0.81 0.048 )
	v( -0.355 0.818 0.065 )
	v( 0.234 1.116 0.048 )
	v( -0.35 0.81 0.048 )
	v( 0.237 1.111 0.029 )
	v( -0.348 0.805 0.029 )
	v( 0.238 1.109 0.01 )
	v( 0.237 1.111 0.029 )
	v( -0.347 0.803 0.01 )
	v( -0.348 0.805 0.029 )
	v( 0.238 1.109 0.01 )
	v( -0.347 0.803 0.01 )
	v( 0.237 1.111 -0.01 )
	v( -0.348 0.805 -0.01 )
	v( 0.234 1.116 -0.029 )
	v( 0.237 1.111 -0.01 )
	v( -0.35 0.81 -0.029 )
	v( -0.348 0.805 -0.01 )
	v( 0.23 1.124 -0.046 )
	v( 0.234 1.116 -0.029 )
	v( -0.35 0.81 -0.029 )
	v( -0.355 0.818 -0.046 )
	v( 0.224 1.135 -0.061 )
	v( 0.23 1.124 -0.046 )
	v( -0.355 0.818 -0.046 )
	v( -0.361 0.829 -0.061 )
	v( -0.368 0.842 -0.073 )
	v( 0.217 1.149 -0.073 )
	v( 0.224 1.135 -0.061 )
	v( -0.361 0.829 -0.061 )
	v( -0.376 0.858 -0.083 )
	v( 0.209 1.164 -0.083 )
	v( -0.368 0.842 -0.073 )
	v( 0.217 1.149 -0.073 )
	v( 0.2 1.181 -0.088 )
	v( 0.209 1.164 -0.083 )
	v( -0.376 0.858 -0.083 )
	v( -0.384 0.874 -0.088 )
	v( 0.191 1.198 -0.09 )
	v( 0.2 1.181 -0.088 )
	v( -0.384 0.874 -0.088 )
	v( -0.393 0.892 -0.09 )
	v( -0.402 0.909 -0.088 )
	v( 0.182 1.215 -0.088 )
	v( 0.191 1.198 -0.09 )
	v( -0.393 0.892 -0.09 )
	v( -0.411 0.925 -0.083 )
	v( 0.174 1.232 -0.083 )
	v( 0.182 1.215 -0.088 )
	v( -0.402 0.909 -0.088 )
	v( 0.165 1.247 -0.073 )
	v( 0.174 1.232 -0.083 )
	v( -0.411 0.925 -0.083 )
	v( -0.419 0.941 -0.073 )
	v( 0.158 1.26 -0.061 )
	v( 0.165 1.247 -0.073 )
	v( -0.419 0.941 -0.073 )
	v( -0.426 0.954 -0.061 )
	v( 0.406 -0.496 0.548 )
	v( 0.458 -0.505 0.538 )
	v( 0.365 -0.49 0.155 )
	v( 0.458 -0.505 0.538 )
	v( 0.419 -0.496 0.152 )
	v( 0.365 -0.49 0.155 )
	v( 0.311 -0.496 0.158 )
	v( 0.353 -0.505 0.544 )
	v( 0.365 -0.49 0.155 )
	v( 0.353 -0.505 0.544 )
	v( 0.406 -0.496 0.548 )
	v( 0.365 -0.49 0.155 )
	v( 0.324 -0.496 -0.238 )
	v( 0.272 -0.505 -0.228 )
	v( 0.365 -0.49 0.155 )
	v( 0.272 -0.505 -0.228 )
	v( 0.311 -0.496 0.158 )
	v( 0.365 -0.49 0.155 )
	v( 0.419 -0.496 0.152 )
	v( 0.377 -0.505 -0.234 )
	v( 0.365 -0.49 0.155 )
	v( 0.377 -0.505 -0.234 )
	v( 0.324 -0.496 -0.238 )
	v( 0.365 -0.49 0.155 )
	v( 0.406 -0.496 0.548 )
	v( 0.353 -0.505 0.544 )
	v( 0.407 -0.99 0.553 )
	v( 0.353 -0.505 0.544 )
	v( 0.352 -0.99 0.551 )
	v( 0.407 -0.99 0.553 )
	v( 0.46 -0.99 0.545 )
	v( 0.458 -0.505 0.538 )
	v( 0.407 -0.99 0.553 )
	v( 0.458 -0.505 0.538 )
	v( 0.406 -0.496 0.548 )
	v( 0.407 -0.99 0.553 )
	v( 0.406 -1.484 0.548 )
	v( 0.458 -1.475 0.538 )
	v( 0.407 -0.99 0.553 )
	v( 0.458 -1.475 0.538 )
	v( 0.46 -0.99 0.545 )
	v( 0.407 -0.99 0.553 )
	v( 0.352 -0.99 0.551 )
	v( 0.353 -1.475 0.544 )
	v( 0.407 -0.99 0.553 )
	v( 0.353 -1.475 0.544 )
	v( 0.406 -1.484 0.548 )
	v( 0.407 -0.99 0.553 )
	v( 0.406 -1.484 0.548 )
	v( 0.353 -1.475 0.544 )
	v( 0.365 -1.49 0.155 )
	v( 0.353 -1.475 0.544 )
	v( 0.311 -1.484 0.158 )
	v( 0.365 -1.49 0.155 )
	v( 0.419 -1.484 0.152 )
	v( 0.458 -1.475 0.538 )
	v( 0.365 -1.49 0.155 )
	v( 0.458 -1.475 0.538 )
	v( 0.406 -1.484 0.548 )
	v( 0.365 -1.49 0.155 )
	v( 0.324 -1.484 -0.238 )
	v( 0.377 -1.475 -0.234 )
	v( 0.365 -1.49 0.155 )
	v( 0.377 -1.475 -0.234 )
	v( 0.419 -1.484 0.152 )
	v( 0.365 -1.49 0.155 )
	v( 0.311 -1.484 0.158 )
	v( 0.272 -1.475 -0.228 )
	v( 0.365 -1.49 0.155 )
	v( 0.272 -1.475 -0.228 )
	v( 0.324 -1.484 -0.238 )
	v( 0.365 -1.49 0.155 )
	v( 0.352 -0.99 0.551 )
	v( 0.353 -0.505 0.544 )
	v( 0.31 -0.99 0.158 )
	v( 0.353 -0.505 0.544 )
	v( 0.311 -0.496 0.158 )
	v( 0.31 -0.99 0.158 )
	v( 0.311 -1.484 0.158 )
	v( 0.353 -1.475 0.544 )
	v( 0.31 -0.99 0.158 )
	v( 0.353 -1.475 0.544 )
	v( 0.352 -0.99 0.551 )
	v( 0.31 -0.99 0.158 )
	v( 0.27 -0.99 -0.235 )
	v( 0.272 -1.475 -0.228 )
	v( 0.31 -0.99 0.158 )
	v( 0.272 -1.475 -0.228 )
	v( 0.311 -1.484 0.158 )
	v( 0.31 -0.99 0.158 )
	v( 0.311 -0.496 0.158 )
	v( 0.272 -0.505 -0.228 )
	v( 0.31 -0.99 0.158 )
	v( 0.272 -0.505 -0.228 )
	v( 0.27 -0.99 -0.235 )
	v( 0.31 -0.99 0.158 )
	v( 0.406 0.504 0.548 )
	v( 0.458 0.495 0.538 )
	v( 0.365 0.51 0.155 )
	v( 0.458 0.495 0.538 )
	v( 0.419 0.504 0.152 )
	v( 0.365 0.51 0.155 )
	v( 0.324 0.504 -0.238 )
	v( 0.272 0.495 -0.228 )
	v( 0.365 0.51 0.155 )
	v( 0.272 0.495 -0.228 )
	v( 0.311 0.504 0.158 )
	v( 0.365 0.51 0.155 )
	v( 0.406 0.504 0.548 )
	v( 0.353 0.495 0.544 )
	v( 0.407 0.01 0.553 )
	v( 0.353 0.495 0.544 )
	v( 0.352 0.01 0.551 )
	v( 0.407 0.01 0.553 )
	v( 0.46 0.01 0.545 )
	v( 0.458 0.495 0.538 )
	v( 0.407 0.01 0.553 )
	v( 0.458 0.495 0.538 )
	v( 0.406 0.504 0.548 )
	v( 0.407 0.01 0.553 )
	v( 0.406 -0.484 0.548 )
	v( 0.458 -0.475 0.538 )
	v( 0.407 0.01 0.553 )
	v( 0.458 -0.475 0.538 )
	v( 0.46 0.01 0.545 )
	v( 0.407 0.01 0.553 )
	v( 0.352 0.01 0.551 )
	v( 0.353 -0.475 0.544 )
	v( 0.407 0.01 0.553 )
	v( 0.353 -0.475 0.544 )
	v( 0.406 -0.484 0.548 )
	v( 0.407 0.01 0.553 )
	v( 0.419 -0.484 0.152 )
	v( 0.458 -0.475 0.538 )
	v( 0.365 -0.49 0.155 )
	v( 0.458 -0.475 0.538 )
	v( 0.406 -0.484 0.548 )
	v( 0.365 -0.49 0.155 )
	v( 0.311 -0.484 0.158 )
	v( 0.272 -0.475 -0.228 )
	v( 0.365 -0.49 0.155 )
	v( 0.272 -0.475 -0.228 )
	v( 0.324 -0.484 -0.238 )
	v( 0.365 -0.49 0.155 )
	v( 0.352 0.01 0.551 )
	v( 0.353 0.495 0.544 )
	v( 0.31 0.01 0.158 )
	v( 0.353 0.495 0.544 )
	v( 0.311 0.504 0.158 )
	v( 0.31 0.01 0.158 )
	v( 0.311 -0.484 0.158 )
	v( 0.353 -0.475 0.544 )
	v( 0.31 0.01 0.158 )
	v( 0.353 -0.475 0.544 )
	v( 0.352 0.01 0.551 )
	v( 0.31 0.01 0.158 )
	v( 0.27 0.01 -0.235 )
	v( 0.272 -0.475 -0.228 )
	v( 0.31 0.01 0.158 )
	v( 0.272 -0.475 -0.228 )
	v( 0.311 -0.484 0.158 )
	v( 0.31 0.01 0.158 )
	v( 0.311 0.504 0.158 )
	v( 0.272 0.495 -0.228 )
	v( 0.31 0.01 0.158 )
	v( 0.272 0.495 -0.228 )
	v( 0.27 0.01 -0.235 )
	v( 0.31 0.01 0.158 )
	v( 0.406 1.504 0.548 )
	v( 0.458 1.495 0.538 )
	v( 0.365 1.51 0.155 )
	v( 0.458 1.495 0.538 )
	v( 0.419 1.504 0.152 )
	v( 0.365 1.51 0.155 )
	v( 0.311 1.504 0.158 )
	v( 0.353 1.495 0.544 )
	v( 0.365 1.51 0.155 )
	v( 0.353 1.495 0.544 )
	v( 0.406 1.504 0.548 )
	v( 0.365 1.51 0.155 )
	v( 0.324 1.504 -0.238 )
	v( 0.272 1.495 -0.228 )
	v( 0.365 1.51 0.155 )
	v( 0.272 1.495 -0.228 )
	v( 0.311 1.504 0.158 )
	v( 0.365 1.51 0.155 )
	v( 0.419 1.504 0.152 )
	v( 0.377 1.495 -0.234 )
	v( 0.365 1.51 0.155 )
	v( 0.377 1.495 -0.234 )
	v( 0.324 1.504 -0.238 )
	v( 0.365 1.51 0.155 )
	v( 0.406 1.504 0.548 )
	v( 0.353 1.495 0.544 )
	v( 0.407 1.01 0.553 )
	v( 0.353 1.495 0.544 )
	v( 0.352 1.01 0.551 )
	v( 0.407 1.01 0.553 )
	v( 0.46 1.01 0.545 )
	v( 0.458 1.495 0.538 )
	v( 0.407 1.01 0.553 )
	v( 0.458 1.495 0.538 )
	v( 0.406 1.504 0.548 )
	v( 0.407 1.01 0.553 )
	v( 0.406 0.516 0.548 )
	v( 0.458 0.525 0.538 )
	v( 0.407 1.01 0.553 )
	v( 0.458 0.525 0.538 )
	v( 0.46 1.01 0.545 )
	v( 0.407 1.01 0.553 )
	v( 0.352 1.01 0.551 )
	v( 0.353 0.525 0.544 )
	v( 0.407 1.01 0.553 )
	v( 0.353 0.525 0.544 )
	v( 0.406 0.516 0.548 )
	v( 0.407 1.01 0.553 )
	v( 0.406 0.516 0.548 )
	v( 0.353 0.525 0.544 )
	v( 0.365 0.51 0.155 )
	v( 0.353 0.525 0.544 )
	v( 0.311 0.516 0.158 )
	v( 0.365 0.51 0.155 )
	v( 0.419 0.516 0.152 )
	v( 0.458 0.525 0.538 )
	v( 0.365 0.51 0.155 )
	v( 0.458 0.525 0.538 )
	v( 0.406 0.516 0.548 )
	v( 0.365 0.51 0.155 )
	v( 0.324 0.516 -0.238 )
	v( 0.377 0.525 -0.234 )
	v( 0.365 0.51 0.155 )
	v( 0.377 0.525 -0.234 )
	v( 0.419 0.516 0.152 )
	v( 0.365 0.51 0.155 )
	v( 0.311 0.516 0.158 )
	v( 0.272 0.525 -0.228 )
	v( 0.365 0.51 0.155 )
	v( 0.272 0.525 -0.228 )
	v( 0.324 0.516 -0.238 )
	v( 0.365 0.51 0.155 )
	v( 0.352 1.01 0.551 )
	v( 0.353 1.495 0.544 )
	v( 0.31 1.01 0.158 )
	v( 0.353 1.495 0.544 )
	v( 0.311 1.504 0.158 )
	v( 0.31 1.01 0.158 )
	v( 0.311 0.516 0.158 )
	v( 0.353 0.525 0.544 )
	v( 0.31 1.01 0.158 )
	v( 0.353 0.525 0.544 )
	v( 0.352 1.01 0.551 )
	v( 0.31 1.01 0.158 )
	v( 0.27 1.01 -0.235 )
	v( 0.272 0.525 -0.228 )
	v( 0.31 1.01 0.158 )
	v( 0.272 0.525 -0.228 )
	v( 0.311 0.516 0.158 )
	v( 0.31 1.01 0.158 )
	v( 0.311 1.504 0.158 )
	v( 0.272 1.495 -0.228 )
	v( 0.31 1.01 0.158 )
	v( 0.272 1.495 -0.228 )
	v( 0.27 1.01 -0.235 )
	v( 0.31 1.01 0.158 )
	v( -0.655 -1.6 -0.475 )
	v( -0.644 -1.502 -0.47 )
	v( -0.105 -1.6 -0.475 )
	v( -0.644 -1.502 -0.47 )
	v( -0.105 -1.5 -0.475 )
	v( -0.105 -1.6 -0.475 )
	v( -0.105 -1.7 -0.475 )
	v( -0.644 -1.698 -0.47 )
	v( -0.644 -1.698 -0.47 )
	v( -0.655 -1.6 -0.475 )
	v( -0.105 -1.6 -0.475 )
	v( 0.445 -1.6 -0.475 )
	v( 0.434 -1.698 -0.47 )
	v( 0.434 -1.698 -0.47 )
	v( -0.105 -1.7 -0.475 )
	v( -0.105 -1.6 -0.475 )
	v( -0.105 -1.5 -0.475 )
	v( 0.434 -1.502 -0.47 )
	v( 0.434 -1.502 -0.47 )
	v( 0.445 -1.6 -0.475 )
	v( -0.105 -1.7 0.025 )
	v( 0.434 -1.698 0.02 )
	v( -0.105 -1.6 0.025 )
	v( 0.434 -1.698 0.02 )
	v( 0.445 -1.6 0.025 )
	v( -0.105 -1.6 0.025 )
	v( -0.655 -1.6 0.025 )
	v( -0.644 -1.698 0.02 )
	v( -0.644 -1.698 0.02 )
	v( -0.105 -1.7 0.025 )
	v( -0.105 -1.6 0.025 )
	v( -0.105 -1.5 0.025 )
	v( -0.644 -1.502 0.02 )
	v( -0.644 -1.502 0.02 )
	v( -0.655 -1.6 0.025 )
	v( -0.105 -1.6 0.025 )
	v( 0.445 -1.6 0.025 )
	v( 0.434 -1.502 0.02 )
	v( 0.434 -1.502 0.02 )
	v( -0.105 -1.5 0.025 )
	v( -0.644 -1.698 -0.47 )
	v( -0.105 -1.7 -0.475 )
	v( -0.641 -1.697 -0.225 )
	v( -0.105 -1.7 -0.475 )
	v( -0.105 -1.7 -0.225 )
	v( -0.641 -1.697 -0.225 )
	v( -0.105 -1.7 0.025 )
	v( -0.105 -1.7 0.025 )
	v( -0.644 -1.698 0.02 )
	v( -0.641 -1.697 -0.225 )
	v( 0.434 -1.698 0.02 )
	v( -0.105 -1.7 0.025 )
	v( 0.431 -1.697 -0.225 )
	v( -0.105 -1.7 0.025 )
	v( -0.105 -1.7 -0.225 )
	v( 0.431 -1.697 -0.225 )
	v( -0.105 -1.7 -0.475 )
	v( -0.105 -1.7 -0.475 )
	v( 0.434 -1.698 -0.47 )
	v( 0.431 -1.697 -0.225 )
	v( -0.641 -1.697 -0.225 )
	v( -0.644 -1.698 0.02 )
	v( -0.655 -1.6 -0.225 )
	v( -0.644 -1.698 0.02 )
	v( -0.655 -1.6 0.025 )
	v( -0.655 -1.6 -0.225 )
	v( -0.655 -1.6 -0.475 )
	v( -0.644 -1.698 -0.47 )
	v( -0.644 -1.698 -0.47 )
	v( -0.641 -1.697 -0.225 )
	v( -0.655 -1.6 -0.225 )
	v( -0.641 -1.503 -0.225 )
	v( -0.644 -1.502 -0.47 )
	v( -0.655 -1.6 -0.225 )
	v( -0.644 -1.502 -0.47 )
	v( -0.655 -1.6 -0.475 )
	v( -0.655 -1.6 -0.225 )
	v( -0.655 -1.6 0.025 )
	v( -0.644 -1.502 0.02 )
	v( -0.644 -1.502 0.02 )
	v( -0.641 -1.503 -0.225 )
	v( -0.655 -1.6 -0.225 )
	v( -0.105 -1.5 -0.225 )
	v( 0.431 -1.503 -0.225 )
	v( -0.105 -1.5 -0.475 )
	v( 0.431 -1.503 -0.225 )
	v( 0.434 -1.502 -0.47 )
	v( -0.105 -1.5 -0.475 )
	v( 0.434 -1.502 0.02 )
	v( 0.431 -1.503 -0.225 )
	v( -0.105 -1.5 0.025 )
	v( -0.105 -1.5 0.025 )
	v( -0.105 -1.5 -0.225 )
	v( -0.641 -1.503 -0.225 )
	v( -0.105 -1.5 0.025 )
	v( -0.641 -1.503 -0.225 )
	v( -0.644 -1.502 0.02 )
	v( -0.105 -1.5 0.025 )
	v( -0.644 -1.502 -0.47 )
	v( -0.641 -1.503 -0.225 )
	v( -0.105 -1.5 -0.475 )
	v( -0.105 -1.5 -0.475 )
	v( -0.655 1.6 -0.475 )
	v( -0.644 1.698 -0.47 )
	v( -0.105 1.6 -0.475 )
	v( -0.644 1.698 -0.47 )
	v( -0.105 1.7 -0.475 )
	v( -0.105 1.6 -0.475 )
	v( -0.105 1.5 -0.475 )
	v( -0.644 1.502 -0.47 )
	v( -0.644 1.502 -0.47 )
	v( -0.655 1.6 -0.475 )
	v( -0.105 1.6 -0.475 )
	v( 0.445 1.6 -0.475 )
	v( 0.434 1.502 -0.47 )
	v( 0.434 1.502 -0.47 )
	v( -0.105 1.5 -0.475 )
	v( -0.105 1.6 -0.475 )
	v( -0.105 1.7 -0.475 )
	v( 0.434 1.698 -0.47 )
	v( 0.434 1.698 -0.47 )
	v( 0.445 1.6 -0.475 )
	v( -0.105 1.5 0.025 )
	v( 0.434 1.502 0.02 )
	v( -0.105 1.6 0.025 )
	v( 0.434 1.502 0.02 )
	v( 0.445 1.6 0.025 )
	v( -0.105 1.6 0.025 )
	v( -0.655 1.6 0.025 )
	v( -0.644 1.502 0.02 )
	v( -0.644 1.502 0.02 )
	v( -0.105 1.5 0.025 )
	v( -0.105 1.6 0.025 )
	v( -0.105 1.7 0.025 )
	v( -0.644 1.698 0.02 )
	v( -0.644 1.698 0.02 )
	v( -0.655 1.6 0.025 )
	v( -0.105 1.6 0.025 )
	v( 0.445 1.6 0.025 )
	v( 0.434 1.698 0.02 )
	v( 0.434 1.698 0.02 )
	v( -0.105 1.7 0.025 )
	v( -0.644 1.502 -0.47 )
	v( -0.105 1.5 -0.475 )
	v( -0.641 1.503 -0.225 )
	v( -0.105 1.5 -0.475 )
	v( -0.105 1.5 -0.225 )
	v( -0.641 1.503 -0.225 )
	v( -0.105 1.5 0.025 )
	v( -0.105 1.5 0.025 )
	v( -0.644 1.502 0.02 )
	v( -0.641 1.503 -0.225 )
	v( 0.434 1.502 0.02 )
	v( -0.105 1.5 0.025 )
	v( 0.431 1.503 -0.225 )
	v( -0.105 1.5 0.025 )
	v( -0.105 1.5 -0.225 )
	v( 0.431 1.503 -0.225 )
	v( -0.105 1.5 -0.475 )
	v( -0.105 1.5 -0.475 )
	v( 0.434 1.502 -0.47 )
	v( 0.431 1.503 -0.225 )
	v( -0.641 1.503 -0.225 )
	v( -0.644 1.502 0.02 )
	v( -0.655 1.6 -0.225 )
	v( -0.644 1.502 0.02 )
	v( -0.655 1.6 0.025 )
	v( -0.655 1.6 -0.225 )
	v( -0.655 1.6 -0.475 )
	v( -0.644 1.502 -0.47 )
	v( -0.644 1.502 -0.47 )
	v( -0.641 1.503 -0.225 )
	v( -0.655 1.6 -0.225 )
	v( -0.641 1.697 -0.225 )
	v( -0.644 1.698 -0.47 )
	v( -0.655 1.6 -0.225 )
	v( -0.644 1.698 -0.47 )
	v( -0.655 1.6 -0.475 )
	v( -0.655 1.6 -0.225 )
	v( -0.655 1.6 0.025 )
	v( -0.644 1.698 0.02 )
	v( -0.644 1.698 0.02 )
	v( -0.641 1.697 -0.225 )
	v( -0.655 1.6 -0.225 )
	v( -0.105 1.7 -0.225 )
	v( 0.431 1.697 -0.225 )
	v( -0.105 1.7 -0.475 )
	v( 0.431 1.697 -0.225 )
	v( 0.434 1.698 -0.47 )
	v( -0.105 1.7 -0.475 )
	v( -0.105 1.7 0.025 )
	v( -0.105 1.7 0.025 )
	v( 0.434 1.698 0.02 )
	v( 0.431 1.697 -0.225 )
	v( -0.105 1.7 -0.225 )
	v( -0.641 1.697 -0.225 )
	v( -0.105 1.7 0.025 )
	v( -0.641 1.697 -0.225 )
	v( -0.644 1.698 0.02 )
	v( -0.105 1.7 0.025 )
	v( -0.105 1.7 -0.475 )
	v( -0.105 1.7 -0.475 )
	v( -0.644 1.698 -0.47 )
	v( -0.641 1.697 -0.225 )
	v( 0.324 -0.484 -0.238 )
	v( 0.377 -0.475 -0.234 )
	v( 0.365 -0.49 0.155 )
	v( 0.377 -0.475 -0.234 )
	v( 0.419 -0.484 0.152 )
	v( 0.365 -0.49 0.155 )
	v( 0.406 -0.484 0.548 )
	v( 0.353 -0.475 0.544 )
	v( 0.365 -0.49 0.155 )
	v( 0.353 -0.475 0.544 )
	v( 0.311 -0.484 0.158 )
	v( 0.365 -0.49 0.155 )
	v( 0.419 0.504 0.152 )
	v( 0.377 0.495 -0.234 )
	v( 0.365 0.51 0.155 )
	v( 0.377 0.495 -0.234 )
	v( 0.324 0.504 -0.238 )
	v( 0.365 0.51 0.155 )
	v( 0.311 0.504 0.158 )
	v( 0.353 0.495 0.544 )
	v( 0.365 0.51 0.155 )
	v( 0.353 0.495 0.544 )
	v( 0.406 0.504 0.548 )
	v( 0.365 0.51 0.155 )
	v( -0.105 0.504 -0.094 )
	v( 0.283 0.495 -0.095 )
	v( -0.105 0.51 -0.184 )
	v( 0.283 0.495 -0.095 )
	v( 0.29 0.504 -0.184 )
	v( -0.105 0.51 -0.184 )
	v( 0.29 0.504 -0.184 )
	v( 0.283 0.495 -0.272 )
	v( -0.105 0.51 -0.184 )
	v( 0.283 0.495 -0.272 )
	v( -0.105 0.504 -0.273 )
	v( -0.105 0.51 -0.184 )
	v( -0.105 0.504 -0.273 )
	v( -0.493 0.495 -0.272 )
	v( -0.105 0.51 -0.184 )
	v( -0.493 0.495 -0.272 )
	v( -0.5 0.504 -0.184 )
	v( -0.105 0.51 -0.184 )
	v( -0.5 0.504 -0.184 )
	v( -0.493 0.495 -0.095 )
	v( -0.105 0.51 -0.184 )
	v( -0.493 0.495 -0.095 )
	v( -0.105 0.504 -0.094 )
	v( -0.105 0.51 -0.184 )
	v( -0.105 -0.496 -0.094 )
	v( 0.283 -0.505 -0.095 )
	v( -0.105 -0.49 -0.184 )
	v( 0.283 -0.505 -0.095 )
	v( 0.29 -0.496 -0.184 )
	v( -0.105 -0.49 -0.184 )
	v( 0.29 -0.496 -0.184 )
	v( 0.283 -0.505 -0.272 )
	v( -0.105 -0.49 -0.184 )
	v( 0.283 -0.505 -0.272 )
	v( -0.105 -0.496 -0.273 )
	v( -0.105 -0.49 -0.184 )
	v( -0.105 -0.496 -0.273 )
	v( -0.493 -0.505 -0.272 )
	v( -0.105 -0.49 -0.184 )
	v( -0.493 -0.505 -0.272 )
	v( -0.5 -0.496 -0.184 )
	v( -0.105 -0.49 -0.184 )
	v( -0.5 -0.496 -0.184 )
	v( -0.493 -0.505 -0.095 )
	v( -0.105 -0.49 -0.184 )
	v( -0.493 -0.505 -0.095 )
	v( -0.105 -0.496 -0.094 )
	v( -0.105 -0.49 -0.184 )
	n( -0.886 -0.464 0 )
	n( -0.886 -0.464 0 )
	n( -0.886 -0.464 0 )
	n( 0.886 0.464 0 )
	n( 0.886 0.464 0 )
	n( 0.886 0.464 0 )
	n( 0.886 0.464 0 )
	n( 0.886 0.464 0 )
	n( 0.886 0.464 0 )
	n( 0.886 0.464 0 )
	n( -0.988 0.157 0 )
	n( -0.988 0.157 0 )
	n( -0.988 0.157 0 )
	n( -0.988 0.157 0 )
	n( -0.988 0.157 0 )
	n( -0.988 0.157 0 )
	n( 0.988 -0.157 0 )
	n( 0.988 -0.157 0 )
	n( 0.988 -0.157 0 )
	n( -0.988 0.157 0 )
	n( -0.988 0.157 0 )
	n( 0.988 -0.157 0 )
	n( 0.988 -0.157 0 )
	n( -0.988 0.157 0 )
	n( -0.988 0.157 0 )
	n( -0.988 0.157 0 )
	n( 0.988 -0.157 0 )
	n( 0.988 -0.157 0 )
	n( 0.988 -0.157 0 )
	n( 0.988 -0.157 0 )
	n( 0.988 -0.157 0 )
	n( -0.988 0.157 0 )
	n( -0.988 0.157 0 )
	n( -0.988 0.157 0 )
	n( 0.988 -0.157 0 )
	n( 0.988 -0.157 0 )
	n( -0.988 0.157 0 )
	n( -0.988 0.157 0 )
	n( 0.988 -0.157 0 )
	n( 0.988 -0.157 0 )
	n( -0.988 0.157 0 )
	n( -0.988 0.157 0 )
	n( 0.988 -0.157 0 )
	n( 0.988 -0.157 0 )
	n( -0.988 0.157 0 )
	n( -0.988 0.157 0 )
	n( 0.988 -0.157 0 )
	n( 0.988 -0.157 0 )
	n( -0.988 0.157 0 )
	n( 0.988 -0.157 0 )
	n( 0.988 -0.157 0 )
	n( -0.988 0.157 0 )
	n( -0.988 0.157 0 )
	n( 0.988 -0.157 0 )
	n( 0.988 -0.157 0 )
	n( -0.988 0.157 0 )
	n( -0.988 0.157 0 )
	n( 0.988 -0.157 0 )
	n( 0.988 -0.157 0 )
	n( -0.988 0.157 0 )
	n( -0.988 0.157 0 )
	n( -0.988 0.157 0 )
	n( 0.988 -0.157 0 )
	n( 0.988 -0.157 0 )
	n( 0.988 -0.157 0 )
	n( -0.988 0.157 0 )
	n( -0.988 0.157 0 )
	n( -0.988 0.157 0 )
	n( 0.988 -0.157 0 )
	n( 0.988 -0.157 0 )
	n( 0.988 -0.157 0 )
	n( -0.988 0.157 0 )
	n( -0.988 0.157 0 )
	n( -0.886 -0.464 0 )
	n( -0.886 -0.464 0 )
	n( 0.886 0.464 0 )
	n( 0.886 0.464 0 )
	n( -0.886 -0.464 0 )
	n( -0.886 -0.464 0 )
	n( 0.886 0.464 0 )
	n( 0.886 0.464 0 )
	n( -0.886 -0.464 0 )
	n( -0.886 -0.464 0 )
	n( 0.886 0.464 0 )
	n( 0.886 0.464 0 )
	n( -0.886 -0.464 0 )
	n( -0.886 -0.464 0 )
	n( 0.886 0.464 0 )
	n( 0.886 0.464 0 )
	n( 0.886 0.464 0 )
	n( -0.886 -0.464 0 )
	n( -0.886 -0.464 0 )
	n( -0.886 -0.464 0 )
	n( 0.886 0.464 0 )
	n( 0.886 0.464 0 )
	n( -0.886 -0.464 0 )
	n( -0.886 -0.464 0 )
	n( 0.886 0.464 0 )
	n( 0.886 0.464 0 )
	n( -0.886 -0.464 0 )
	n( -0.886 -0.464 0 )
	n( 0.886 0.464 0 )
	n( 0.886 0.464 0 )
	n( -0.886 -0.464 0 )
	n( -0.886 -0.464 0 )
	n( 0.886 0.464 0 )
	n( 0.886 0.464 0 )
	n( -0.886 -0.464 0 )
	n( -0.886 -0.464 0 )
	n( 0.886 0.464 0 )
	n( -0.886 -0.464 0 )
	n( -0.886 -0.464 0 )
	n( -0.886 -0.464 0 )
	n( -0.886 -0.464 0 )
	n( 0.886 0.464 0 )
	n( 0.886 0.464 0 )
	n( 0.886 0.464 0 )
	n( 0.886 0.464 0 )
	n( 0.886 0.464 0 )
	n( -0.886 -0.464 0 )
	n( -0.886 -0.464 0 )
	n( -0.886 -0.464 0 )
	n( 0.886 0.464 0 )
	n( -0.886 -0.464 0 )
	n( 0.886 0.464 0 )
	n( -0.886 -0.464 0 )
	n( -0.886 -0.464 0 )
	n( -0.886 -0.464 0 )
	n( 0.886 0.464 0 )
	n( 0.988 -0.157 0 )
	n( 0.988 -0.157 0 )
	n( 0.988 -0.157 0 )
	n( -0.997 0.01 -0.082 )
	n( -0.997 0.01 -0.082 )
	n( -0.997 0.01 -0.082 )
	n( -0.998 0.015 -0.057 )
	n( -0.998 0.015 -0.057 )
	n( -0.998 0.015 -0.057 )
	n( -0.998 0.015 0.057 )
	n( -0.998 0.015 0.057 )
	n( -0.998 0.015 0.057 )
	n( -0.997 0.01 0.082 )
	n( -0.997 0.01 0.082 )
	n( -0.997 0.01 0.082 )
	n( -0.997 -0.01 0.082 )
	n( -0.997 -0.01 0.082 )
	n( -0.997 -0.01 0.082 )
	n( -0.998 -0.015 0.057 )
	n( -0.998 -0.015 0.057 )
	n( -0.998 -0.015 0.057 )
	n( -0.998 -0.015 -0.057 )
	n( -0.998 -0.015 -0.057 )
	n( -0.998 -0.015 -0.057 )
	n( -0.997 -0.01 -0.082 )
	n( -0.997 -0.01 -0.082 )
	n( -0.997 -0.01 -0.082 )
	n( -0.016 -0.995 -0.103 )
	n( -0.016 -0.995 -0.103 )
	n( -0.016 -0.995 -0.103 )
	n( -0.023 -0.997 -0.071 )
	n( -0.023 -0.997 -0.071 )
	n( -0.023 -0.997 -0.071 )
	n( -0.023 -0.997 0.071 )
	n( -0.023 -0.997 0.071 )
	n( -0.023 -0.997 0.071 )
	n( -0.016 -0.995 0.103 )
	n( -0.016 -0.995 0.103 )
	n( -0.016 -0.995 0.103 )
	n( 0.016 -0.995 0.103 )
	n( 0.016 -0.995 0.103 )
	n( 0.016 -0.995 0.103 )
	n( 0.023 -0.997 0.071 )
	n( 0.023 -0.997 0.071 )
	n( 0.023 -0.997 0.071 )
	n( 0.023 -0.997 -0.071 )
	n( 0.023 -0.997 -0.071 )
	n( 0.023 -0.997 -0.071 )
	n( 0.016 -0.995 -0.103 )
	n( 0.016 -0.995 -0.103 )
	n( 0.016 -0.995 -0.103 )
	n( 0.998 -0.015 0.057 )
	n( 0.998 -0.015 0.057 )
	n( 0.998 -0.015 0.057 )
	n( 0.997 -0.01 0.082 )
	n( 0.997 -0.01 0.082 )
	n( 0.997 -0.01 0.082 )
	n( 0.997 0.01 0.082 )
	n( 0.997 0.01 0.082 )
	n( 0.997 0.01 0.082 )
	n( 0.998 0.015 0.057 )
	n( 0.998 0.015 0.057 )
	n( 0.998 0.015 0.057 )
	n( 0.004 -0.002 1 )
	n( 0.004 -0.002 1 )
	n( 0.004 -0.002 1 )
	n( 0.003 -0.003 1 )
	n( 0.003 -0.003 1 )
	n( 0.003 -0.003 1 )
	n( -0.003 -0.003 1 )
	n( -0.003 -0.003 1 )
	n( -0.003 -0.003 1 )
	n( -0.004 -0.002 1 )
	n( -0.004 -0.002 1 )
	n( -0.004 -0.002 1 )
	n( -0.004 0.002 1 )
	n( -0.004 0.002 1 )
	n( -0.004 0.002 1 )
	n( -0.003 0.003 1 )
	n( -0.003 0.003 1 )
	n( -0.003 0.003 1 )
	n( 0.003 0.003 1 )
	n( 0.003 0.003 1 )
	n( 0.003 0.003 1 )
	n( 0.004 0.002 1 )
	n( 0.004 0.002 1 )
	n( 0.004 0.002 1 )
	n( 0 1 0 )
	n( 0 1 0 )
	n( 0 1 0 )
	n( 0 1 0 )
	n( -1 0 0 )
	n( -1 0 0 )
	n( -1 0 0 )
	n( -1 0 0 )
	n( 0 -1 0 )
	n( 0 -1 0 )
	n( 0 -1 0 )
	n( 0 -1 0 )
	n( 0 1 0 )
	n( 0 1 0 )
	n( 0 1 0 )
	n( 0 1 0 )
	n( -1 0 0 )
	n( -1 0 0 )
	n( -1 0 0 )
	n( -1 0 0 )
	n( 0 -1 0 )
	n( 0 -1 0 )
	n( 0 -1 0 )
	n( 0 -1 0 )
	n( 0 1 0 )
	n( 0 1 0 )
	n( 0 1 0 )
	n( 0 1 0 )
	n( -1 0 0 )
	n( -1 0 0 )
	n( -1 0 0 )
	n( -1 0 0 )
	n( 0 -1 0 )
	n( 0 -1 0 )
	n( 0 -1 0 )
	n( 0 -1 0 )
	n( 0 1 0 )
	n( 0 1 0 )
	n( 0 1 0 )
	n( 0 1 0 )
	n( -1 0 0 )
	n( -1 0 0 )
	n( -1 0 0 )
	n( -1 0 0 )
	n( 0 -1 0 )
	n( 0 -1 0 )
	n( 0 -1 0 )
	n( 0 -1 0 )
	n( 0.121 0.763 -0.634 )
	n( 0.121 0.763 -0.634 )
	n( 0.121 0.763 -0.634 )
	n( 0.121 0.763 -0.634 )
	n( 0.138 0.871 -0.471 )
	n( 0.138 0.871 -0.471 )
	n( 0.138 0.871 -0.471 )
	n( 0.138 0.871 -0.471 )
	n( 0.15 0.945 -0.29 )
	n( 0.15 0.945 -0.29 )
	n( 0.15 0.945 -0.29 )
	n( 0.15 0.945 -0.29 )
	n( 0.156 0.983 -0.098 )
	n( 0.156 0.983 -0.098 )
	n( 0.156 0.983 -0.098 )
	n( 0.156 0.983 -0.098 )
	n( 0.156 0.983 0.098 )
	n( 0.156 0.983 0.098 )
	n( 0.156 0.983 0.098 )
	n( 0.156 0.983 0.098 )
	n( 0.15 0.945 0.29 )
	n( 0.15 0.945 0.29 )
	n( 0.15 0.945 0.29 )
	n( 0.15 0.945 0.29 )
	n( 0.138 0.871 0.471 )
	n( 0.138 0.871 0.471 )
	n( 0.138 0.871 0.471 )
	n( 0.138 0.871 0.471 )
	n( 0.121 0.763 0.634 )
	n( 0.121 0.763 0.634 )
	n( 0.121 0.763 0.634 )
	n( 0.121 0.763 0.634 )
	n( 0.1 0.627 0.773 )
	n( 0.1 0.627 0.773 )
	n( 0.1 0.627 0.773 )
	n( 0.1 0.627 0.773 )
	n( 0.074 0.466 0.882 )
	n( 0.074 0.466 0.882 )
	n( 0.074 0.466 0.882 )
	n( 0.074 0.466 0.882 )
	n( 0.046 0.287 0.957 )
	n( 0.046 0.287 0.957 )
	n( 0.046 0.287 0.957 )
	n( 0.046 0.287 0.957 )
	n( 0.015 0.097 0.995 )
	n( 0.015 0.097 0.995 )
	n( 0.015 0.097 0.995 )
	n( 0.015 0.097 0.995 )
	n( -0.015 -0.097 0.995 )
	n( -0.015 -0.097 0.995 )
	n( -0.015 -0.097 0.995 )
	n( -0.015 -0.097 0.995 )
	n( -0.046 -0.287 0.957 )
	n( -0.046 -0.287 0.957 )
	n( -0.046 -0.287 0.957 )
	n( -0.046 -0.287 0.957 )
	n( -0.074 -0.466 0.882 )
	n( -0.074 -0.466 0.882 )
	n( -0.074 -0.466 0.882 )
	n( -0.074 -0.466 0.882 )
	n( -0.1 -0.627 0.773 )
	n( -0.1 -0.627 0.773 )
	n( -0.1 -0.627 0.773 )
	n( -0.1 -0.627 0.773 )
	n( -0.121 -0.763 0.634 )
	n( -0.121 -0.763 0.634 )
	n( -0.121 -0.763 0.634 )
	n( -0.121 -0.763 0.634 )
	n( -0.138 -0.871 0.471 )
	n( -0.138 -0.871 0.471 )
	n( -0.138 -0.871 0.471 )
	n( -0.138 -0.871 0.471 )
	n( -0.15 -0.945 0.29 )
	n( -0.15 -0.945 0.29 )
	n( -0.15 -0.945 0.29 )
	n( -0.15 -0.945 0.29 )
	n( -0.156 -0.983 0.098 )
	n( -0.156 -0.983 0.098 )
	n( -0.156 -0.983 0.098 )
	n( -0.156 -0.983 0.098 )
	n( -0.156 -0.983 -0.098 )
	n( -0.156 -0.983 -0.098 )
	n( -0.156 -0.983 -0.098 )
	n( -0.156 -0.983 -0.098 )
	n( -0.15 -0.945 -0.29 )
	n( -0.15 -0.945 -0.29 )
	n( -0.15 -0.945 -0.29 )
	n( -0.15 -0.945 -0.29 )
	n( -0.138 -0.871 -0.471 )
	n( -0.138 -0.871 -0.471 )
	n( -0.138 -0.871 -0.471 )
	n( -0.138 -0.871 -0.471 )
	n( -0.121 -0.763 -0.634 )
	n( -0.121 -0.763 -0.634 )
	n( -0.121 -0.763 -0.634 )
	n( -0.121 -0.763 -0.634 )
	n( -0.1 -0.627 -0.773 )
	n( -0.1 -0.627 -0.773 )
	n( -0.1 -0.627 -0.773 )
	n( -0.1 -0.627 -0.773 )
	n( -0.074 -0.466 -0.882 )
	n( -0.074 -0.466 -0.882 )
	n( -0.074 -0.466 -0.882 )
	n( -0.074 -0.466 -0.882 )
	n( -0.046 -0.287 -0.957 )
	n( -0.046 -0.287 -0.957 )
	n( -0.046 -0.287 -0.957 )
	n( -0.046 -0.287 -0.957 )
	n( -0.015 -0.097 -0.995 )
	n( -0.015 -0.097 -0.995 )
	n( -0.015 -0.097 -0.995 )
	n( -0.015 -0.097 -0.995 )
	n( 0.015 0.097 -0.995 )
	n( 0.015 0.097 -0.995 )
	n( 0.015 0.097 -0.995 )
	n( 0.015 0.097 -0.995 )
	n( 0.046 0.287 -0.957 )
	n( 0.046 0.287 -0.957 )
	n( 0.046 0.287 -0.957 )
	n( 0.046 0.287 -0.957 )
	n( 0.074 0.466 -0.882 )
	n( 0.074 0.466 -0.882 )
	n( 0.074 0.466 -0.882 )
	n( 0.074 0.466 -0.882 )
	n( 0.1 0.627 -0.773 )
	n( 0.1 0.627 -0.773 )
	n( 0.1 0.627 -0.773 )
	n( 0.1 0.627 -0.773 )
	n( 0 1 0 )
	n( 0 1 0 )
	n( 0 1 0 )
	n( 0 1 0 )
	n( -0.994 0 0.107 )
	n( -0.994 0 0.107 )
	n( -0.994 0 0.107 )
	n( -0.994 0 0.107 )
	n( 0 -1 0 )
	n( 0 -1 0 )
	n( 0 -1 0 )
	n( 0 -1 0 )
	n( 0 0 1 )
	n( 0 0 1 )
	n( 0 0 1 )
	n( 0 0 1 )
	n( 0 0 -1 )
	n( 0 0 -1 )
	n( 0 0 -1 )
	n( 0 0 -1 )
	n( 0 0 1 )
	n( 0 0 1 )
	n( 0 0 1 )
	n( 0 0 1 )
	n( 0 0 -1 )
	n( 0 0 -1 )
	n( 0 0 -1 )
	n( 0 0 -1 )
	n( -0.999 0 -0.05 )
	n( -0.999 0 -0.05 )
	n( -0.999 0 -0.05 )
	n( -0.999 0 -0.05 )
	n( -0.997 0.01 -0.082 )
	n( -0.997 0.01 -0.082 )
	n( -0.997 0.01 -0.082 )
	n( -0.998 0.015 -0.057 )
	n( -0.998 0.015 -0.057 )
	n( -0.998 0.015 -0.057 )
	n( -0.998 0.015 0.057 )
	n( -0.998 0.015 0.057 )
	n( -0.998 0.015 0.057 )
	n( -0.997 0.01 0.082 )
	n( -0.997 0.01 0.082 )
	n( -0.997 0.01 0.082 )
	n( -0.997 -0.01 0.082 )
	n( -0.997 -0.01 0.082 )
	n( -0.997 -0.01 0.082 )
	n( -0.998 -0.015 0.057 )
	n( -0.998 -0.015 0.057 )
	n( -0.998 -0.015 0.057 )
	n( -0.998 -0.015 -0.057 )
	n( -0.998 -0.015 -0.057 )
	n( -0.998 -0.015 -0.057 )
	n( -0.997 -0.01 -0.082 )
	n( -0.997 -0.01 -0.082 )
	n( -0.997 -0.01 -0.082 )
	n( -0.016 -0.995 -0.103 )
	n( -0.016 -0.995 -0.103 )
	n( -0.016 -0.995 -0.103 )
	n( -0.023 -0.997 -0.071 )
	n( -0.023 -0.997 -0.071 )
	n( -0.023 -0.997 -0.071 )
	n( -0.023 -0.997 0.071 )
	n( -0.023 -0.997 0.071 )
	n( -0.023 -0.997 0.071 )
	n( -0.016 -0.995 0.103 )
	n( -0.016 -0.995 0.103 )
	n( -0.016 -0.995 0.103 )
	n( 0.016 -0.995 0.103 )
	n( 0.016 -0.995 0.103 )
	n( 0.016 -0.995 0.103 )
	n( 0.023 -0.997 0.071 )
	n( 0.023 -0.997 0.071 )
	n( 0.023 -0.997 0.071 )
	n( 0.023 -0.997 -0.071 )
	n( 0.023 -0.997 -0.071 )
	n( 0.023 -0.997 -0.071 )
	n( 0.016 -0.995 -0.103 )
	n( 0.016 -0.995 -0.103 )
	n( 0.016 -0.995 -0.103 )
	n( 0.998 -0.015 0.057 )
	n( 0.998 -0.015 0.057 )
	n( 0.998 -0.015 0.057 )
	n( 0.997 -0.01 0.082 )
	n( 0.997 -0.01 0.082 )
	n( 0.997 -0.01 0.082 )
	n( 0.997 0.01 0.082 )
	n( 0.997 0.01 0.082 )
	n( 0.997 0.01 0.082 )
	n( 0.998 0.015 0.057 )
	n( 0.998 0.015 0.057 )
	n( 0.998 0.015 0.057 )
	n( 0.004 -0.002 1 )
	n( 0.004 -0.002 1 )
	n( 0.004 -0.002 1 )
	n( 0.003 -0.003 1 )
	n( 0.003 -0.003 1 )
	n( 0.003 -0.003 1 )
	n( -0.003 -0.003 1 )
	n( -0.003 -0.003 1 )
	n( -0.003 -0.003 1 )
	n( -0.004 -0.002 1 )
	n( -0.004 -0.002 1 )
	n( -0.004 -0.002 1 )
	n( -0.004 0.002 1 )
	n( -0.004 0.002 1 )
	n( -0.004 0.002 1 )
	n( -0.003 0.003 1 )
	n( -0.003 0.003 1 )
	n( -0.003 0.003 1 )
	n( 0.003 0.003 1 )
	n( 0.003 0.003 1 )
	n( 0.003 0.003 1 )
	n( 0.004 0.002 1 )
	n( 0.004 0.002 1 )
	n( 0.004 0.002 1 )
	n( -0.016 0.995 0.103 )
	n( -0.016 0.995 0.103 )
	n( -0.016 0.995 0.103 )
	n( -0.023 0.997 0.071 )
	n( -0.023 0.997 0.071 )
	n( -0.023 0.997 0.071 )
	n( -0.023 0.997 -0.071 )
	n( -0.023 0.997 -0.071 )
	n( -0.023 0.997 -0.071 )
	n( -0.016 0.995 -0.103 )
	n( -0.016 0.995 -0.103 )
	n( -0.016 0.995 -0.103 )
	n( 0.016 0.995 -0.103 )
	n( 0.016 0.995 -0.103 )
	n( 0.016 0.995 -0.103 )
	n( 0.023 0.997 -0.071 )
	n( 0.023 0.997 -0.071 )
	n( 0.023 0.997 -0.071 )
	n( 0.023 0.997 0.071 )
	n( 0.023 0.997 0.071 )
	n( 0.023 0.997 0.071 )
	n( 0.016 0.995 0.103 )
	n( 0.016 0.995 0.103 )
	n( 0.016 0.995 0.103 )
	n( -0.997 0.01 -0.082 )
	n( -0.997 0.01 -0.082 )
	n( -0.997 0.01 -0.082 )
	n( -0.998 0.015 -0.057 )
	n( -0.998 0.015 -0.057 )
	n( -0.998 0.015 -0.057 )
	n( -0.998 0.015 0.057 )
	n( -0.998 0.015 0.057 )
	n( -0.998 0.015 0.057 )
	n( -0.997 0.01 0.082 )
	n( -0.997 0.01 0.082 )
	n( -0.997 0.01 0.082 )
	n( -0.997 -0.01 0.082 )
	n( -0.997 -0.01 0.082 )
	n( -0.997 -0.01 0.082 )
	n( -0.998 -0.015 0.057 )
	n( -0.998 -0.015 0.057 )
	n( -0.998 -0.015 0.057 )
	n( -0.998 -0.015 -0.057 )
	n( -0.998 -0.015 -0.057 )
	n( -0.998 -0.015 -0.057 )
	n( -0.997 -0.01 -0.082 )
	n( -0.997 -0.01 -0.082 )
	n( -0.997 -0.01 -0.082 )
	n( -0.016 -0.995 -0.103 )
	n( -0.016 -0.995 -0.103 )
	n( -0.016 -0.995 -0.103 )
	n( -0.023 -0.997 -0.071 )
	n( -0.023 -0.997 -0.071 )
	n( -0.023 -0.997 -0.071 )
	n( -0.023 -0.997 0.071 )
	n( -0.023 -0.997 0.071 )
	n( -0.023 -0.997 0.071 )
	n( -0.016 -0.995 0.103 )
	n( -0.016 -0.995 0.103 )
	n( -0.016 -0.995 0.103 )
	n( 0.016 -0.995 0.103 )
	n( 0.016 -0.995 0.103 )
	n( 0.016 -0.995 0.103 )
	n( 0.023 -0.997 0.071 )
	n( 0.023 -0.997 0.071 )
	n( 0.023 -0.997 0.071 )
	n( 0.023 -0.997 -0.071 )
	n( 0.023 -0.997 -0.071 )
	n( 0.023 -0.997 -0.071 )
	n( 0.016 -0.995 -0.103 )
	n( 0.016 -0.995 -0.103 )
	n( 0.016 -0.995 -0.103 )
	n( 0.998 -0.015 0.057 )
	n( 0.998 -0.015 0.057 )
	n( 0.998 -0.015 0.057 )
	n( 0.997 -0.01 0.082 )
	n( 0.997 -0.01 0.082 )
	n( 0.997 -0.01 0.082 )
	n( 0.997 0.01 0.082 )
	n( 0.997 0.01 0.082 )
	n( 0.997 0.01 0.082 )
	n( 0.998 0.015 0.057 )
	n( 0.998 0.015 0.057 )
	n( 0.998 0.015 0.057 )
	n( 0.004 -0.002 1 )
	n( 0.004 -0.002 1 )
	n( 0.004 -0.002 1 )
	n( 0.003 -0.003 1 )
	n( 0.003 -0.003 1 )
	n( 0.003 -0.003 1 )
	n( -0.003 -0.003 1 )
	n( -0.003 -0.003 1 )
	n( -0.003 -0.003 1 )
	n( -0.004 -0.002 1 )
	n( -0.004 -0.002 1 )
	n( -0.004 -0.002 1 )
	n( -0.004 0.002 1 )
	n( -0.004 0.002 1 )
	n( -0.004 0.002 1 )
	n( -0.003 0.003 1 )
	n( -0.003 0.003 1 )
	n( -0.003 0.003 1 )
	n( 0.003 0.003 1 )
	n( 0.003 0.003 1 )
	n( 0.003 0.003 1 )
	n( 0.004 0.002 1 )
	n( 0.004 0.002 1 )
	n( 0.004 0.002 1 )
	n( -0.359 0.685 -0.634 )
	n( -0.359 0.685 -0.634 )
	n( -0.359 0.685 -0.634 )
	n( -0.359 0.685 -0.634 )
	n( -0.409 0.781 -0.471 )
	n( -0.409 0.781 -0.471 )
	n( -0.409 0.781 -0.471 )
	n( -0.409 0.781 -0.471 )
	n( -0.444 0.848 -0.29 )
	n( -0.444 0.848 -0.29 )
	n( -0.444 0.848 -0.29 )
	n( -0.444 0.848 -0.29 )
	n( -0.462 0.881 -0.098 )
	n( -0.462 0.881 -0.098 )
	n( -0.462 0.881 -0.098 )
	n( -0.462 0.881 -0.098 )
	n( -0.462 0.881 0.098 )
	n( -0.462 0.881 0.098 )
	n( -0.462 0.881 0.098 )
	n( -0.462 0.881 0.098 )
	n( -0.444 0.848 0.29 )
	n( -0.444 0.848 0.29 )
	n( -0.444 0.848 0.29 )
	n( -0.444 0.848 0.29 )
	n( -0.409 0.781 0.471 )
	n( -0.409 0.781 0.471 )
	n( -0.409 0.781 0.471 )
	n( -0.409 0.781 0.471 )
	n( -0.359 0.685 0.634 )
	n( -0.359 0.685 0.634 )
	n( -0.359 0.685 0.634 )
	n( -0.359 0.685 0.634 )
	n( -0.294 0.562 0.773 )
	n( -0.294 0.562 0.773 )
	n( -0.294 0.562 0.773 )
	n( -0.294 0.562 0.773 )
	n( -0.219 0.418 0.882 )
	n( -0.219 0.418 0.882 )
	n( -0.219 0.418 0.882 )
	n( -0.219 0.418 0.882 )
	n( -0.135 0.257 0.957 )
	n( -0.135 0.257 0.957 )
	n( -0.135 0.257 0.957 )
	n( -0.135 0.257 0.957 )
	n( -0.045 0.087 0.995 )
	n( -0.045 0.087 0.995 )
	n( -0.045 0.087 0.995 )
	n( -0.045 0.087 0.995 )
	n( 0.045 -0.087 0.995 )
	n( 0.045 -0.087 0.995 )
	n( 0.045 -0.087 0.995 )
	n( 0.045 -0.087 0.995 )
	n( 0.135 -0.257 0.957 )
	n( 0.135 -0.257 0.957 )
	n( 0.135 -0.257 0.957 )
	n( 0.135 -0.257 0.957 )
	n( 0.219 -0.418 0.882 )
	n( 0.219 -0.418 0.882 )
	n( 0.219 -0.418 0.882 )
	n( 0.219 -0.418 0.882 )
	n( 0.294 -0.562 0.773 )
	n( 0.294 -0.562 0.773 )
	n( 0.294 -0.562 0.773 )
	n( 0.294 -0.562 0.773 )
	n( 0.359 -0.685 0.634 )
	n( 0.359 -0.685 0.634 )
	n( 0.359 -0.685 0.634 )
	n( 0.359 -0.685 0.634 )
	n( 0.409 -0.781 0.471 )
	n( 0.409 -0.781 0.471 )
	n( 0.409 -0.781 0.471 )
	n( 0.409 -0.781 0.471 )
	n( 0.444 -0.848 0.29 )
	n( 0.444 -0.848 0.29 )
	n( 0.444 -0.848 0.29 )
	n( 0.444 -0.848 0.29 )
	n( 0.462 -0.881 0.098 )
	n( 0.462 -0.881 0.098 )
	n( 0.462 -0.881 0.098 )
	n( 0.462 -0.881 0.098 )
	n( 0.462 -0.881 -0.098 )
	n( 0.462 -0.881 -0.098 )
	n( 0.462 -0.881 -0.098 )
	n( 0.462 -0.881 -0.098 )
	n( 0.444 -0.848 -0.29 )
	n( 0.444 -0.848 -0.29 )
	n( 0.444 -0.848 -0.29 )
	n( 0.444 -0.848 -0.29 )
	n( 0.409 -0.781 -0.471 )
	n( 0.409 -0.781 -0.471 )
	n( 0.409 -0.781 -0.471 )
	n( 0.409 -0.781 -0.471 )
	n( 0.359 -0.685 -0.634 )
	n( 0.359 -0.685 -0.634 )
	n( 0.359 -0.685 -0.634 )
	n( 0.359 -0.685 -0.634 )
	n( 0.294 -0.562 -0.773 )
	n( 0.294 -0.562 -0.773 )
	n( 0.294 -0.562 -0.773 )
	n( 0.294 -0.562 -0.773 )
	n( 0.219 -0.418 -0.882 )
	n( 0.219 -0.418 -0.882 )
	n( 0.219 -0.418 -0.882 )
	n( 0.219 -0.418 -0.882 )
	n( 0.135 -0.257 -0.957 )
	n( 0.135 -0.257 -0.957 )
	n( 0.135 -0.257 -0.957 )
	n( 0.135 -0.257 -0.957 )
	n( 0.045 -0.087 -0.995 )
	n( 0.045 -0.087 -0.995 )
	n( 0.045 -0.087 -0.995 )
	n( 0.045 -0.087 -0.995 )
	n( -0.045 0.087 -0.995 )
	n( -0.045 0.087 -0.995 )
	n( -0.045 0.087 -0.995 )
	n( -0.045 0.087 -0.995 )
	n( -0.135 0.257 -0.957 )
	n( -0.135 0.257 -0.957 )
	n( -0.135 0.257 -0.957 )
	n( -0.135 0.257 -0.957 )
	n( -0.219 0.418 -0.882 )
	n( -0.219 0.418 -0.882 )
	n( -0.219 0.418 -0.882 )
	n( -0.219 0.418 -0.882 )
	n( -0.294 0.562 -0.773 )
	n( -0.294 0.562 -0.773 )
	n( -0.294 0.562 -0.773 )
	n( -0.294 0.562 -0.773 )
	n( 0.17 0.985 -0.002 )
	n( 0.17 0.985 -0.002 )
	n( 0.17 0.985 -0.002 )
	n( 0.118 0.993 0.011 )
	n( 0.118 0.993 0.011 )
	n( 0.118 0.993 0.011 )
	n( -0.116 0.993 0.036 )
	n( -0.116 0.993 0.036 )
	n( -0.116 0.993 0.036 )
	n( -0.168 0.985 0.034 )
	n( -0.168 0.985 0.034 )
	n( -0.168 0.985 0.034 )
	n( -0.17 0.985 0.002 )
	n( -0.17 0.985 0.002 )
	n( -0.17 0.985 0.002 )
	n( -0.118 0.993 -0.011 )
	n( -0.118 0.993 -0.011 )
	n( -0.118 0.993 -0.011 )
	n( 0.116 0.993 -0.036 )
	n( 0.116 0.993 -0.036 )
	n( 0.116 0.993 -0.036 )
	n( 0.168 0.985 -0.034 )
	n( 0.168 0.985 -0.034 )
	n( 0.168 0.985 -0.034 )
	n( -0.081 0.01 0.997 )
	n( -0.081 0.01 0.997 )
	n( -0.081 0.01 0.997 )
	n( -0.039 0.015 0.999 )
	n( -0.039 0.015 0.999 )
	n( -0.039 0.015 0.999 )
	n( 0.149 0.015 0.989 )
	n( 0.149 0.015 0.989 )
	n( 0.149 0.015 0.989 )
	n( 0.191 0.01 0.981 )
	n( 0.191 0.01 0.981 )
	n( 0.191 0.01 0.981 )
	n( 0.191 -0.01 0.981 )
	n( 0.191 -0.01 0.981 )
	n( 0.191 -0.01 0.981 )
	n( 0.149 -0.015 0.989 )
	n( 0.149 -0.015 0.989 )
	n( 0.149 -0.015 0.989 )
	n( -0.039 -0.015 0.999 )
	n( -0.039 -0.015 0.999 )
	n( -0.039 -0.015 0.999 )
	n( -0.081 -0.01 0.997 )
	n( -0.081 -0.01 0.997 )
	n( -0.081 -0.01 0.997 )
	n( -0.168 -0.985 0.034 )
	n( -0.168 -0.985 0.034 )
	n( -0.168 -0.985 0.034 )
	n( -0.116 -0.993 0.036 )
	n( -0.116 -0.993 0.036 )
	n( -0.116 -0.993 0.036 )
	n( 0.118 -0.993 0.011 )
	n( 0.118 -0.993 0.011 )
	n( 0.118 -0.993 0.011 )
	n( 0.17 -0.985 -0.002 )
	n( 0.17 -0.985 -0.002 )
	n( 0.17 -0.985 -0.002 )
	n( 0.168 -0.985 -0.034 )
	n( 0.168 -0.985 -0.034 )
	n( 0.168 -0.985 -0.034 )
	n( 0.116 -0.993 -0.036 )
	n( 0.116 -0.993 -0.036 )
	n( 0.116 -0.993 -0.036 )
	n( -0.118 -0.993 -0.011 )
	n( -0.118 -0.993 -0.011 )
	n( -0.118 -0.993 -0.011 )
	n( -0.17 -0.985 0.002 )
	n( -0.17 -0.985 0.002 )
	n( -0.17 -0.985 0.002 )
	n( -0.994 0.002 0.106 )
	n( -0.994 0.002 0.106 )
	n( -0.994 0.002 0.106 )
	n( -0.994 0.001 0.107 )
	n( -0.994 0.001 0.107 )
	n( -0.994 0.001 0.107 )
	n( -0.994 -0.001 0.107 )
	n( -0.994 -0.001 0.107 )
	n( -0.994 -0.001 0.107 )
	n( -0.994 -0.002 0.106 )
	n( -0.994 -0.002 0.106 )
	n( -0.994 -0.002 0.106 )
	n( -0.995 -0.002 0.103 )
	n( -0.995 -0.002 0.103 )
	n( -0.995 -0.002 0.103 )
	n( -0.995 -0.001 0.102 )
	n( -0.995 -0.001 0.102 )
	n( -0.995 -0.001 0.102 )
	n( -0.995 0.001 0.102 )
	n( -0.995 0.001 0.102 )
	n( -0.995 0.001 0.102 )
	n( -0.995 0.002 0.103 )
	n( -0.995 0.002 0.103 )
	n( -0.995 0.002 0.103 )
	n( 0.17 0.985 -0.002 )
	n( 0.17 0.985 -0.002 )
	n( 0.17 0.985 -0.002 )
	n( 0.118 0.993 0.011 )
	n( 0.118 0.993 0.011 )
	n( 0.118 0.993 0.011 )
	n( -0.17 0.985 0.002 )
	n( -0.17 0.985 0.002 )
	n( -0.17 0.985 0.002 )
	n( -0.118 0.993 -0.011 )
	n( -0.118 0.993 -0.011 )
	n( -0.118 0.993 -0.011 )
	n( -0.081 0.01 0.997 )
	n( -0.081 0.01 0.997 )
	n( -0.081 0.01 0.997 )
	n( -0.039 0.015 0.999 )
	n( -0.039 0.015 0.999 )
	n( -0.039 0.015 0.999 )
	n( 0.149 0.015 0.989 )
	n( 0.149 0.015 0.989 )
	n( 0.149 0.015 0.989 )
	n( 0.191 0.01 0.981 )
	n( 0.191 0.01 0.981 )
	n( 0.191 0.01 0.981 )
	n( 0.191 -0.01 0.981 )
	n( 0.191 -0.01 0.981 )
	n( 0.191 -0.01 0.981 )
	n( 0.149 -0.015 0.989 )
	n( 0.149 -0.015 0.989 )
	n( 0.149 -0.015 0.989 )
	n( -0.039 -0.015 0.999 )
	n( -0.039 -0.015 0.999 )
	n( -0.039 -0.015 0.999 )
	n( -0.081 -0.01 0.997 )
	n( -0.081 -0.01 0.997 )
	n( -0.081 -0.01 0.997 )
	n( 0.118 -0.993 0.011 )
	n( 0.118 -0.993 0.011 )
	n( 0.118 -0.993 0.011 )
	n( 0.17 -0.985 -0.002 )
	n( 0.17 -0.985 -0.002 )
	n( 0.17 -0.985 -0.002 )
	n( -0.118 -0.993 -0.011 )
	n( -0.118 -0.993 -0.011 )
	n( -0.118 -0.993 -0.011 )
	n( -0.17 -0.985 0.002 )
	n( -0.17 -0.985 0.002 )
	n( -0.17 -0.985 0.002 )
	n( -0.994 0.002 0.106 )
	n( -0.994 0.002 0.106 )
	n( -0.994 0.002 0.106 )
	n( -0.994 0.001 0.107 )
	n( -0.994 0.001 0.107 )
	n( -0.994 0.001 0.107 )
	n( -0.994 -0.001 0.107 )
	n( -0.994 -0.001 0.107 )
	n( -0.994 -0.001 0.107 )
	n( -0.994 -0.002 0.106 )
	n( -0.994 -0.002 0.106 )
	n( -0.994 -0.002 0.106 )
	n( -0.995 -0.002 0.103 )
	n( -0.995 -0.002 0.103 )
	n( -0.995 -0.002 0.103 )
	n( -0.995 -0.001 0.102 )
	n( -0.995 -0.001 0.102 )
	n( -0.995 -0.001 0.102 )
	n( -0.995 0.001 0.102 )
	n( -0.995 0.001 0.102 )
	n( -0.995 0.001 0.102 )
	n( -0.995 0.002 0.103 )
	n( -0.995 0.002 0.103 )
	n( -0.995 0.002 0.103 )
	n( 0.17 0.985 -0.002 )
	n( 0.17 0.985 -0.002 )
	n( 0.17 0.985 -0.002 )
	n( 0.118 0.993 0.011 )
	n( 0.118 0.993 0.011 )
	n( 0.118 0.993 0.011 )
	n( -0.116 0.993 0.036 )
	n( -0.116 0.993 0.036 )
	n( -0.116 0.993 0.036 )
	n( -0.168 0.985 0.034 )
	n( -0.168 0.985 0.034 )
	n( -0.168 0.985 0.034 )
	n( -0.17 0.985 0.002 )
	n( -0.17 0.985 0.002 )
	n( -0.17 0.985 0.002 )
	n( -0.118 0.993 -0.011 )
	n( -0.118 0.993 -0.011 )
	n( -0.118 0.993 -0.011 )
	n( 0.116 0.993 -0.036 )
	n( 0.116 0.993 -0.036 )
	n( 0.116 0.993 -0.036 )
	n( 0.168 0.985 -0.034 )
	n( 0.168 0.985 -0.034 )
	n( 0.168 0.985 -0.034 )
	n( -0.081 0.01 0.997 )
	n( -0.081 0.01 0.997 )
	n( -0.081 0.01 0.997 )
	n( -0.039 0.015 0.999 )
	n( -0.039 0.015 0.999 )
	n( -0.039 0.015 0.999 )
	n( 0.149 0.015 0.989 )
	n( 0.149 0.015 0.989 )
	n( 0.149 0.015 0.989 )
	n( 0.191 0.01 0.981 )
	n( 0.191 0.01 0.981 )
	n( 0.191 0.01 0.981 )
	n( 0.191 -0.01 0.981 )
	n( 0.191 -0.01 0.981 )
	n( 0.191 -0.01 0.981 )
	n( 0.149 -0.015 0.989 )
	n( 0.149 -0.015 0.989 )
	n( 0.149 -0.015 0.989 )
	n( -0.039 -0.015 0.999 )
	n( -0.039 -0.015 0.999 )
	n( -0.039 -0.015 0.999 )
	n( -0.081 -0.01 0.997 )
	n( -0.081 -0.01 0.997 )
	n( -0.081 -0.01 0.997 )
	n( -0.168 -0.985 0.034 )
	n( -0.168 -0.985 0.034 )
	n( -0.168 -0.985 0.034 )
	n( -0.116 -0.993 0.036 )
	n( -0.116 -0.993 0.036 )
	n( -0.116 -0.993 0.036 )
	n( 0.118 -0.993 0.011 )
	n( 0.118 -0.993 0.011 )
	n( 0.118 -0.993 0.011 )
	n( 0.17 -0.985 -0.002 )
	n( 0.17 -0.985 -0.002 )
	n( 0.17 -0.985 -0.002 )
	n( 0.168 -0.985 -0.034 )
	n( 0.168 -0.985 -0.034 )
	n( 0.168 -0.985 -0.034 )
	n( 0.116 -0.993 -0.036 )
	n( 0.116 -0.993 -0.036 )
	n( 0.116 -0.993 -0.036 )
	n( -0.118 -0.993 -0.011 )
	n( -0.118 -0.993 -0.011 )
	n( -0.118 -0.993 -0.011 )
	n( -0.17 -0.985 0.002 )
	n( -0.17 -0.985 0.002 )
	n( -0.17 -0.985 0.002 )
	n( -0.994 0.002 0.106 )
	n( -0.994 0.002 0.106 )
	n( -0.994 0.002 0.106 )
	n( -0.994 0.001 0.107 )
	n( -0.994 0.001 0.107 )
	n( -0.994 0.001 0.107 )
	n( -0.994 -0.001 0.107 )
	n( -0.994 -0.001 0.107 )
	n( -0.994 -0.001 0.107 )
	n( -0.994 -0.002 0.106 )
	n( -0.994 -0.002 0.106 )
	n( -0.994 -0.002 0.106 )
	n( -0.995 -0.002 0.103 )
	n( -0.995 -0.002 0.103 )
	n( -0.995 -0.002 0.103 )
	n( -0.995 -0.001 0.102 )
	n( -0.995 -0.001 0.102 )
	n( -0.995 -0.001 0.102 )
	n( -0.995 0.001 0.102 )
	n( -0.995 0.001 0.102 )
	n( -0.995 0.001 0.102 )
	n( -0.995 0.002 0.103 )
	n( -0.995 0.002 0.103 )
	n( -0.995 0.002 0.103 )
	n( 0 0.052 -0.999 )
	n( 0 0.052 -0.999 )
	n( 0 0.052 -0.999 )
	n( -0.01 0 -1 )
	n( -0.01 0 -1 )
	n( -0.01 0 -1 )
	n( -0.01 0 -1 )
	n( -0.01 0 -1 )
	n( 0 -0.052 -0.999 )
	n( 0 -0.052 -0.999 )
	n( 0 -0.052 -0.999 )
	n( 0 -0.052 -0.999 )
	n( 0 -0.052 -0.999 )
	n( 0.01 0 -1 )
	n( 0.01 0 -1 )
	n( 0.01 0 -1 )
	n( 0.01 0 -1 )
	n( 0.01 0 -1 )
	n( 0 0.052 -0.999 )
	n( 0 0.052 -0.999 )
	n( 0.01 0 1 )
	n( 0.01 0 1 )
	n( 0.01 0 1 )
	n( 0 -0.052 0.999 )
	n( 0 -0.052 0.999 )
	n( 0 -0.052 0.999 )
	n( 0 -0.052 0.999 )
	n( 0 -0.052 0.999 )
	n( -0.01 0 1 )
	n( -0.01 0 1 )
	n( -0.01 0 1 )
	n( -0.01 0 1 )
	n( -0.01 0 1 )
	n( 0 0.052 0.999 )
	n( 0 0.052 0.999 )
	n( 0 0.052 0.999 )
	n( 0 0.052 0.999 )
	n( 0 0.052 0.999 )
	n( 0.01 0 1 )
	n( 0.01 0 1 )
	n( -0.004 -1 0.002 )
	n( -0.004 -1 0.002 )
	n( -0.004 -1 0.002 )
	n( -0.005 -1 0 )
	n( -0.005 -1 0 )
	n( -0.005 -1 0 )
	n( -0.005 -1 0 )
	n( -0.004 -1 -0.002 )
	n( -0.004 -1 -0.002 )
	n( -0.004 -1 -0.002 )
	n( 0.004 -1 -0.002 )
	n( 0.004 -1 -0.002 )
	n( 0.004 -1 -0.002 )
	n( 0.005 -1 0 )
	n( 0.005 -1 0 )
	n( 0.005 -1 0 )
	n( 0.005 -1 0 )
	n( 0.004 -1 0.002 )
	n( 0.004 -1 0.002 )
	n( 0.004 -1 0.002 )
	n( -0.99 -0.142 -0.011 )
	n( -0.99 -0.142 -0.011 )
	n( -0.99 -0.142 -0.011 )
	n( -0.993 -0.115 0 )
	n( -0.993 -0.115 0 )
	n( -0.993 -0.115 0 )
	n( -0.993 -0.115 0 )
	n( -0.993 -0.115 0 )
	n( -0.99 -0.142 0.011 )
	n( -0.99 -0.142 0.011 )
	n( -0.99 -0.142 0.011 )
	n( -0.99 0.142 0.011 )
	n( -0.99 0.142 0.011 )
	n( -0.99 0.142 0.011 )
	n( -0.993 0.115 0 )
	n( -0.993 0.115 0 )
	n( -0.993 0.115 0 )
	n( -0.993 0.115 0 )
	n( -0.993 0.115 0 )
	n( -0.99 0.142 -0.011 )
	n( -0.99 0.142 -0.011 )
	n( -0.99 0.142 -0.011 )
	n( 0.005 1 0 )
	n( 0.005 1 0 )
	n( 0.005 1 0 )
	n( 0.004 1 0.002 )
	n( 0.004 1 0.002 )
	n( 0.004 1 0.002 )
	n( 0.004 1 -0.002 )
	n( 0.004 1 -0.002 )
	n( 0.004 1 -0.002 )
	n( 0.005 1 0 )
	n( -0.005 1 0 )
	n( -0.005 1 0 )
	n( -0.005 1 0 )
	n( -0.004 1 -0.002 )
	n( -0.004 1 -0.002 )
	n( -0.004 1 -0.002 )
	n( -0.004 1 0.002 )
	n( -0.004 1 0.002 )
	n( -0.004 1 0.002 )
	n( -0.005 1 0 )
	n( 0 0.052 -0.999 )
	n( 0 0.052 -0.999 )
	n( 0 0.052 -0.999 )
	n( -0.01 0 -1 )
	n( -0.01 0 -1 )
	n( -0.01 0 -1 )
	n( -0.01 0 -1 )
	n( -0.01 0 -1 )
	n( 0 -0.052 -0.999 )
	n( 0 -0.052 -0.999 )
	n( 0 -0.052 -0.999 )
	n( 0 -0.052 -0.999 )
	n( 0 -0.052 -0.999 )
	n( 0.01 0 -1 )
	n( 0.01 0 -1 )
	n( 0.01 0 -1 )
	n( 0.01 0 -1 )
	n( 0.01 0 -1 )
	n( 0 0.052 -0.999 )
	n( 0 0.052 -0.999 )
	n( 0.01 0 1 )
	n( 0.01 0 1 )
	n( 0.01 0 1 )
	n( 0 -0.052 0.999 )
	n( 0 -0.052 0.999 )
	n( 0 -0.052 0.999 )
	n( 0 -0.052 0.999 )
	n( 0 -0.052 0.999 )
	n( -0.01 0 1 )
	n( -0.01 0 1 )
	n( -0.01 0 1 )
	n( -0.01 0 1 )
	n( -0.01 0 1 )
	n( 0 0.052 0.999 )
	n( 0 0.052 0.999 )
	n( 0 0.052 0.999 )
	n( 0 0.052 0.999 )
	n( 0 0.052 0.999 )
	n( 0.01 0 1 )
	n( 0.01 0 1 )
	n( -0.004 -1 0.002 )
	n( -0.004 -1 0.002 )
	n( -0.004 -1 0.002 )
	n( -0.005 -1 0 )
	n( -0.005 -1 0 )
	n( -0.005 -1 0 )
	n( -0.005 -1 0 )
	n( -0.004 -1 -0.002 )
	n( -0.004 -1 -0.002 )
	n( -0.004 -1 -0.002 )
	n( 0.004 -1 -0.002 )
	n( 0.004 -1 -0.002 )
	n( 0.004 -1 -0.002 )
	n( 0.005 -1 0 )
	n( 0.005 -1 0 )
	n( 0.005 -1 0 )
	n( 0.005 -1 0 )
	n( 0.004 -1 0.002 )
	n( 0.004 -1 0.002 )
	n( 0.004 -1 0.002 )
	n( -0.99 -0.142 -0.011 )
	n( -0.99 -0.142 -0.011 )
	n( -0.99 -0.142 -0.011 )
	n( -0.993 -0.115 0 )
	n( -0.993 -0.115 0 )
	n( -0.993 -0.115 0 )
	n( -0.993 -0.115 0 )
	n( -0.993 -0.115 0 )
	n( -0.99 -0.142 0.011 )
	n( -0.99 -0.142 0.011 )
	n( -0.99 -0.142 0.011 )
	n( -0.99 0.142 0.011 )
	n( -0.99 0.142 0.011 )
	n( -0.99 0.142 0.011 )
	n( -0.993 0.115 0 )
	n( -0.993 0.115 0 )
	n( -0.993 0.115 0 )
	n( -0.993 0.115 0 )
	n( -0.993 0.115 0 )
	n( -0.99 0.142 -0.011 )
	n( -0.99 0.142 -0.011 )
	n( -0.99 0.142 -0.011 )
	n( 0.005 1 0 )
	n( 0.005 1 0 )
	n( 0.005 1 0 )
	n( 0.004 1 0.002 )
	n( 0.004 1 0.002 )
	n( 0.004 1 0.002 )
	n( 0.005 1 0 )
	n( 0.004 1 -0.002 )
	n( 0.004 1 -0.002 )
	n( 0.004 1 -0.002 )
	n( -0.005 1 0 )
	n( -0.005 1 0 )
	n( -0.005 1 0 )
	n( -0.004 1 -0.002 )
	n( -0.004 1 -0.002 )
	n( -0.004 1 -0.002 )
	n( -0.005 1 0 )
	n( -0.004 1 0.002 )
	n( -0.004 1 0.002 )
	n( -0.004 1 0.002 )
	n( 0.168 -0.985 -0.034 )
	n( 0.168 -0.985 -0.034 )
	n( 0.168 -0.985 -0.034 )
	n( 0.116 -0.993 -0.036 )
	n( 0.116 -0.993 -0.036 )
	n( 0.116 -0.993 -0.036 )
	n( -0.168 -0.985 0.034 )
	n( -0.168 -0.985 0.034 )
	n( -0.168 -0.985 0.034 )
	n( -0.116 -0.993 0.036 )
	n( -0.116 -0.993 0.036 )
	n( -0.116 -0.993 0.036 )
	n( 0.116 0.993 -0.036 )
	n( 0.116 0.993 -0.036 )
	n( 0.116 0.993 -0.036 )
	n( 0.168 0.985 -0.034 )
	n( 0.168 0.985 -0.034 )
	n( 0.168 0.985 -0.034 )
	n( -0.116 0.993 0.036 )
	n( -0.116 0.993 0.036 )
	n( -0.116 0.993 0.036 )
	n( -0.168 0.985 0.034 )
	n( -0.168 0.985 0.034 )
	n( -0.168 0.985 0.034 )
	n( 0.023 0.997 0.071 )
	n( 0.023 0.997 0.071 )
	n( 0.023 0.997 0.071 )
	n( 0.016 0.995 0.103 )
	n( 0.016 0.995 0.103 )
	n( 0.016 0.995 0.103 )
	n( 0.016 0.995 -0.103 )
	n( 0.016 0.995 -0.103 )
	n( 0.016 0.995 -0.103 )
	n( 0.023 0.997 -0.071 )
	n( 0.023 0.997 -0.071 )
	n( 0.023 0.997 -0.071 )
	n( -0.023 0.997 -0.071 )
	n( -0.023 0.997 -0.071 )
	n( -0.023 0.997 -0.071 )
	n( -0.016 0.995 -0.103 )
	n( -0.016 0.995 -0.103 )
	n( -0.016 0.995 -0.103 )
	n( -0.016 0.995 0.103 )
	n( -0.016 0.995 0.103 )
	n( -0.016 0.995 0.103 )
	n( -0.023 0.997 0.071 )
	n( -0.023 0.997 0.071 )
	n( -0.023 0.997 0.071 )
	n( 0.023 0.997 0.071 )
	n( 0.023 0.997 0.071 )
	n( 0.023 0.997 0.071 )
	n( 0.016 0.995 0.103 )
	n( 0.016 0.995 0.103 )
	n( 0.016 0.995 0.103 )
	n( 0.016 0.995 -0.103 )
	n( 0.016 0.995 -0.103 )
	n( 0.016 0.995 -0.103 )
	n( 0.023 0.997 -0.071 )
	n( 0.023 0.997 -0.071 )
	n( 0.023 0.997 -0.071 )
	n( -0.023 0.997 -0.071 )
	n( -0.023 0.997 -0.071 )
	n( -0.023 0.997 -0.071 )
	n( -0.016 0.995 -0.103 )
	n( -0.016 0.995 -0.103 )
	n( -0.016 0.995 -0.103 )
	n( -0.016 0.995 0.103 )
	n( -0.016 0.995 0.103 )
	n( -0.016 0.995 0.103 )
	n( -0.023 0.997 0.071 )
	n( -0.023 0.997 0.071 )
	n( -0.023 0.997 0.071 )
	ng( 2 )
	g( "blackness" )
	mt( "material/Pelle_nera" )
	ni( 1668 4 )
	i( 3 0 1 2 )
	i( 3 3 4 5 )
	i( 3 3 6 7 )
	i( 3 3 8 9 )
	i( 3 10 11 12 )
	i( 3 13 14 15 )
	i( 3 16 17 18 )
	i( 3 19 20 13 )
	i( 3 21 16 22 )
	i( 3 23 24 25 )
	i( 3 26 27 28 )
	i( 3 29 26 30 )
	i( 3 31 32 33 )
	i( 3 34 29 35 )
	i( 3 36 37 31 )
	i( 3 38 34 39 )
	i( 3 40 41 36 )
	i( 3 42 38 43 )
	i( 3 44 45 40 )
	i( 3 46 42 47 )
	i( 3 12 48 44 )
	i( 3 49 46 50 )
	i( 3 51 52 11 )
	i( 3 53 49 54 )
	i( 3 55 56 51 )
	i( 3 57 53 58 )
	i( 3 59 60 61 )
	i( 3 62 63 64 )
	i( 3 65 66 67 )
	i( 3 68 62 69 )
	i( 3 68 70 17 )
	i( 3 15 71 72 )
	i( 3 73 74 1 )
	i( 3 8 75 76 )
	i( 3 77 78 73 )
	i( 3 79 9 80 )
	i( 3 81 82 77 )
	i( 3 83 79 84 )
	i( 3 85 86 81 )
	i( 3 87 88 89 )
	i( 3 90 91 92 )
	i( 3 93 87 94 )
	i( 3 95 96 90 )
	i( 3 97 93 98 )
	i( 3 99 100 95 )
	i( 3 101 97 102 )
	i( 3 103 104 99 )
	i( 3 105 101 106 )
	i( 3 107 108 103 )
	i( 3 6 105 109 )
	i( 3 110 111 107 )
	i( 3 112 113 110 )
	i( 3 114 7 115 )
	i( 3 116 117 118 )
	i( 3 119 120 121 )
	i( 3 4 116 122 )
	i( 3 2 123 119 )
	i( 3 5 124 75 )
	i( 3 125 126 121 )
	i( 3 126 0 121 )
	i( 3 127 85 92 )
	i( 3 85 0 92 )
	i( 3 3 83 88 )
	i( 3 83 128 88 )
	i( 3 129 130 63 )
	i( 3 130 131 63 )
	i( 3 132 133 134 )
	i( 3 135 136 137 )
	i( 3 138 139 140 )
	i( 3 141 142 143 )
	i( 3 144 145 146 )
	i( 3 147 148 149 )
	i( 3 150 151 152 )
	i( 3 153 154 155 )
	i( 3 156 157 158 )
	i( 3 159 160 161 )
	i( 3 162 163 164 )
	i( 3 165 166 167 )
	i( 3 168 169 170 )
	i( 3 171 172 173 )
	i( 3 174 175 176 )
	i( 3 177 178 179 )
	i( 3 180 181 182 )
	i( 3 183 184 185 )
	i( 3 186 187 188 )
	i( 3 189 190 191 )
	i( 3 192 193 194 )
	i( 3 195 196 197 )
	i( 3 198 199 200 )
	i( 3 201 202 203 )
	i( 3 204 205 206 )
	i( 3 207 208 209 )
	i( 3 210 211 212 )
	i( 3 213 214 215 )
	i( 3 264 265 266 )
	i( 3 264 266 267 )
	i( 3 268 269 270 )
	i( 3 268 270 271 )
	i( 3 272 273 274 )
	i( 3 273 275 274 )
	i( 3 276 277 278 )
	i( 3 276 278 279 )
	i( 3 280 281 282 )
	i( 3 281 283 282 )
	i( 3 284 285 286 )
	i( 3 284 286 287 )
	i( 3 288 289 290 )
	i( 3 288 290 291 )
	i( 3 292 293 294 )
	i( 3 292 294 295 )
	i( 3 296 297 298 )
	i( 3 297 299 298 )
	i( 3 300 301 302 )
	i( 3 300 302 303 )
	i( 3 304 305 306 )
	i( 3 304 306 307 )
	i( 3 308 309 310 )
	i( 3 308 310 311 )
	i( 3 312 313 314 )
	i( 3 313 315 314 )
	i( 3 316 317 318 )
	i( 3 317 319 318 )
	i( 3 320 321 322 )
	i( 3 320 322 323 )
	i( 3 324 325 326 )
	i( 3 324 326 327 )
	i( 3 328 329 330 )
	i( 3 329 331 330 )
	i( 3 332 333 334 )
	i( 3 332 334 335 )
	i( 3 336 337 338 )
	i( 3 336 338 339 )
	i( 3 340 341 342 )
	i( 3 340 342 343 )
	i( 3 344 345 346 )
	i( 3 344 346 347 )
	i( 3 348 349 350 )
	i( 3 348 350 351 )
	i( 3 352 353 354 )
	i( 3 352 354 355 )
	i( 3 356 357 358 )
	i( 3 357 359 358 )
	i( 3 360 361 362 )
	i( 3 360 362 363 )
	i( 3 364 365 366 )
	i( 3 364 366 367 )
	i( 3 368 369 370 )
	i( 3 368 370 371 )
	i( 3 372 373 374 )
	i( 3 372 374 375 )
	i( 3 376 377 378 )
	i( 3 377 379 378 )
	i( 3 380 381 382 )
	i( 3 381 383 382 )
	i( 3 384 385 386 )
	i( 3 384 386 387 )
	i( 3 388 389 390 )
	i( 3 388 390 391 )
	i( 3 392 393 394 )
	i( 3 393 395 394 )
	i( 3 396 397 398 )
	i( 3 397 399 398 )
	i( 3 400 401 402 )
	i( 3 401 403 402 )
	i( 3 404 405 406 )
	i( 3 405 407 406 )
	i( 3 408 409 410 )
	i( 3 409 411 410 )
	i( 3 412 413 414 )
	i( 3 413 415 414 )
	i( 3 416 417 418 )
	i( 3 417 419 418 )
	i( 3 420 421 422 )
	i( 3 421 423 422 )
	i( 3 424 425 426 )
	i( 3 427 428 429 )
	i( 3 430 431 432 )
	i( 3 433 434 435 )
	i( 3 436 437 438 )
	i( 3 439 440 441 )
	i( 3 442 443 444 )
	i( 3 445 446 447 )
	i( 3 448 449 450 )
	i( 3 451 452 453 )
	i( 3 454 455 456 )
	i( 3 457 458 459 )
	i( 3 460 461 462 )
	i( 3 463 464 465 )
	i( 3 466 467 468 )
	i( 3 469 470 471 )
	i( 3 472 473 474 )
	i( 3 475 476 477 )
	i( 3 478 479 480 )
	i( 3 481 482 483 )
	i( 3 484 485 486 )
	i( 3 487 488 489 )
	i( 3 490 491 492 )
	i( 3 493 494 495 )
	i( 3 496 497 498 )
	i( 3 499 500 501 )
	i( 3 502 503 504 )
	i( 3 505 506 507 )
	i( 3 508 509 510 )
	i( 3 511 512 513 )
	i( 3 514 515 516 )
	i( 3 517 518 519 )
	i( 3 520 521 522 )
	i( 3 523 524 525 )
	i( 3 526 527 528 )
	i( 3 529 530 531 )
	i( 3 532 533 534 )
	i( 3 535 536 537 )
	i( 3 538 539 540 )
	i( 3 541 542 543 )
	i( 3 544 545 546 )
	i( 3 547 548 549 )
	i( 3 550 551 552 )
	i( 3 553 554 555 )
	i( 3 556 557 558 )
	i( 3 559 560 561 )
	i( 3 562 563 564 )
	i( 3 565 566 567 )
	i( 3 568 569 570 )
	i( 3 571 572 573 )
	i( 3 574 575 576 )
	i( 3 577 578 579 )
	i( 3 580 581 582 )
	i( 3 583 584 585 )
	i( 3 586 587 588 )
	i( 3 589 590 591 )
	i( 3 592 593 594 )
	i( 3 595 596 597 )
	i( 3 598 599 600 )
	i( 3 601 602 603 )
	i( 3 604 605 606 )
	i( 3 607 608 609 )
	i( 3 610 611 612 )
	i( 3 613 614 615 )
	i( 3 616 617 618 )
	i( 3 616 618 619 )
	i( 3 620 621 622 )
	i( 3 620 622 623 )
	i( 3 624 625 626 )
	i( 3 625 627 626 )
	i( 3 628 629 630 )
	i( 3 628 630 631 )
	i( 3 632 633 634 )
	i( 3 633 635 634 )
	i( 3 636 637 638 )
	i( 3 636 638 639 )
	i( 3 640 641 642 )
	i( 3 640 642 643 )
	i( 3 644 645 646 )
	i( 3 644 646 647 )
	i( 3 648 649 650 )
	i( 3 648 650 651 )
	i( 3 652 653 654 )
	i( 3 653 655 654 )
	i( 3 656 657 658 )
	i( 3 656 658 659 )
	i( 3 660 661 662 )
	i( 3 661 663 662 )
	i( 3 664 665 666 )
	i( 3 664 666 667 )
	i( 3 668 669 670 )
	i( 3 668 670 671 )
	i( 3 672 673 674 )
	i( 3 672 674 675 )
	i( 3 676 677 678 )
	i( 3 676 678 679 )
	i( 3 680 681 682 )
	i( 3 680 682 683 )
	i( 3 684 685 686 )
	i( 3 685 687 686 )
	i( 3 688 689 690 )
	i( 3 689 691 690 )
	i( 3 692 693 694 )
	i( 3 693 695 694 )
	i( 3 696 697 698 )
	i( 3 697 699 698 )
	i( 3 700 701 702 )
	i( 3 701 703 702 )
	i( 3 704 705 706 )
	i( 3 704 706 707 )
	i( 3 708 709 710 )
	i( 3 708 710 711 )
	i( 3 712 713 714 )
	i( 3 712 714 715 )
	i( 3 716 717 718 )
	i( 3 717 719 718 )
	i( 3 720 721 722 )
	i( 3 720 722 723 )
	i( 3 724 725 726 )
	i( 3 724 726 727 )
	i( 3 728 729 730 )
	i( 3 728 730 731 )
	i( 3 732 733 734 )
	i( 3 732 734 735 )
	i( 3 736 737 738 )
	i( 3 736 738 739 )
	i( 3 740 741 742 )
	i( 3 740 742 743 )
	i( 3 744 745 746 )
	i( 3 747 748 749 )
	i( 3 750 751 752 )
	i( 3 753 754 755 )
	i( 3 756 757 758 )
	i( 3 759 760 761 )
	i( 3 762 763 764 )
	i( 3 765 766 767 )
	i( 3 768 769 770 )
	i( 3 771 772 773 )
	i( 3 774 775 776 )
	i( 3 777 778 779 )
	i( 3 780 781 782 )
	i( 3 783 784 785 )
	i( 3 786 787 788 )
	i( 3 789 790 791 )
	i( 3 792 793 794 )
	i( 3 795 796 797 )
	i( 3 798 799 800 )
	i( 3 801 802 803 )
	i( 3 804 805 806 )
	i( 3 807 808 809 )
	i( 3 810 811 812 )
	i( 3 813 814 815 )
	i( 3 816 817 818 )
	i( 3 819 820 821 )
	i( 3 822 823 824 )
	i( 3 825 826 827 )
	i( 3 828 829 830 )
	i( 3 831 832 833 )
	i( 3 834 835 836 )
	i( 3 837 838 839 )
	i( 3 840 841 842 )
	i( 3 843 844 845 )
	i( 3 846 847 848 )
	i( 3 849 850 851 )
	i( 3 852 853 854 )
	i( 3 855 856 857 )
	i( 3 858 859 860 )
	i( 3 861 862 863 )
	i( 3 864 865 866 )
	i( 3 867 868 869 )
	i( 3 870 871 872 )
	i( 3 873 874 875 )
	i( 3 876 877 878 )
	i( 3 879 880 881 )
	i( 3 882 883 884 )
	i( 3 885 886 887 )
	i( 3 888 889 890 )
	i( 3 891 892 893 )
	i( 3 894 895 896 )
	i( 3 897 898 899 )
	i( 3 900 901 902 )
	i( 3 903 904 905 )
	i( 3 906 907 908 )
	i( 3 909 910 911 )
	i( 3 912 913 914 )
	i( 3 915 916 917 )
	i( 3 918 919 920 )
	i( 3 921 922 923 )
	i( 3 924 925 926 )
	i( 3 927 928 929 )
	i( 3 930 931 932 )
	i( 3 933 934 935 )
	i( 3 936 937 938 )
	i( 3 939 940 941 )
	i( 3 942 943 944 )
	i( 3 945 946 947 )
	i( 3 948 949 950 )
	i( 3 951 952 953 )
	i( 3 954 955 956 )
	i( 3 957 958 959 )
	i( 3 960 961 962 )
	i( 3 963 964 965 )
	i( 3 966 967 968 )
	i( 3 969 970 971 )
	i( 3 972 973 974 )
	i( 3 975 976 977 )
	i( 3 978 979 980 )
	i( 3 981 982 983 )
	i( 3 984 985 986 )
	i( 3 987 988 989 )
	i( 3 990 991 992 )
	i( 3 993 994 995 )
	i( 3 996 997 998 )
	i( 3 999 1000 1001 )
	i( 3 1002 1003 1004 )
	i( 3 1005 1006 1007 )
	i( 3 1008 1009 1010 )
	i( 3 1011 1012 1013 )
	i( 3 1014 1015 1013 )
	i( 3 1016 1017 1018 )
	i( 3 1019 1020 1018 )
	i( 3 1021 1022 1023 )
	i( 3 1024 1025 1023 )
	i( 3 1026 1027 1010 )
	i( 3 1028 1029 1030 )
	i( 3 1031 1032 1033 )
	i( 3 1034 1035 1033 )
	i( 3 1036 1037 1038 )
	i( 3 1039 1040 1038 )
	i( 3 1041 1042 1043 )
	i( 3 1044 1045 1043 )
	i( 3 1046 1047 1030 )
	i( 3 1048 1049 1050 )
	i( 3 1051 1052 1053 )
	i( 3 1052 1054 1053 )
	i( 3 1055 1056 1057 )
	i( 3 1058 1059 1060 )
	i( 3 1061 1062 1063 )
	i( 3 1062 1064 1063 )
	i( 3 1065 1066 1067 )
	i( 3 1068 1069 1070 )
	i( 3 1071 1072 1073 )
	i( 3 1074 1075 1073 )
	i( 3 1076 1077 1078 )
	i( 3 1079 1080 1081 )
	i( 3 1082 1083 1084 )
	i( 3 1085 1086 1084 )
	i( 3 1087 1088 1089 )
	i( 3 1090 1091 1092 )
	i( 3 1093 1094 1095 )
	i( 3 1096 1097 1098 )
	i( 3 1091 1090 1099 )
	i( 3 1100 1101 1102 )
	i( 3 1103 1104 1105 )
	i( 3 1106 1107 1108 )
	i( 3 1101 1100 1109 )
	i( 3 1110 1111 1112 )
	i( 3 1113 1114 1115 )
	i( 3 1116 1117 1115 )
	i( 3 1118 1119 1120 )
	i( 3 1121 1122 1120 )
	i( 3 1123 1124 1125 )
	i( 3 1126 1127 1125 )
	i( 3 1128 1129 1112 )
	i( 3 1130 1131 1132 )
	i( 3 1133 1134 1135 )
	i( 3 1136 1137 1135 )
	i( 3 1138 1139 1140 )
	i( 3 1141 1142 1140 )
	i( 3 1143 1144 1145 )
	i( 3 1146 1147 1145 )
	i( 3 1148 1149 1132 )
	i( 3 1150 1151 1152 )
	i( 3 1153 1154 1155 )
	i( 3 1154 1156 1155 )
	i( 3 1157 1158 1159 )
	i( 3 1160 1161 1162 )
	i( 3 1163 1164 1165 )
	i( 3 1164 1166 1165 )
	i( 3 1167 1168 1169 )
	i( 3 1170 1171 1172 )
	i( 3 1173 1174 1175 )
	i( 3 1176 1177 1175 )
	i( 3 1178 1179 1180 )
	i( 3 1181 1182 1183 )
	i( 3 1184 1185 1186 )
	i( 3 1187 1188 1186 )
	i( 3 1189 1190 1191 )
	i( 3 1192 1193 1194 )
	i( 3 1195 1196 1197 )
	i( 3 1192 1198 1193 )
	i( 3 1199 1200 1201 )
	i( 3 1202 1203 1204 )
	i( 3 1205 1206 1207 )
	i( 3 1202 1208 1203 )
	i( 3 1209 1210 1211 )
	i( 3 1212 1213 1214 )
	i( 3 1215 1216 1217 )
	i( 3 1218 1219 1220 )
	i( 3 1221 1222 1223 )
	i( 3 1224 1225 1226 )
	i( 3 1227 1228 1229 )
	i( 3 1230 1231 1232 )
	i( 3 1233 1234 1235 )
	i( 3 1236 1237 1238 )
	i( 3 1239 1240 1241 )
	i( 3 1242 1243 1244 )
	i( 3 1245 1246 1247 )
	i( 3 1248 1249 1250 )
	i( 3 1251 1252 1253 )
	i( 3 1254 1255 1256 )
	i( 3 1257 1258 1259 )
	i( 3 1260 1261 1262 )
	i( 3 1263 1264 1265 )
	i( 3 1266 1267 1268 )
	i( 3 1269 1270 1271 )
	i( 3 1272 1273 1274 )
	i( 3 1275 1276 1277 )
	i( 3 1278 1279 1280 )
	i( 3 1281 1282 1283 )
	i( 3 16 129 68 )
	i( 3 16 68 17 )
	i( 3 15 10 19 )
	i( 3 15 19 13 )
	i( 3 27 129 16 )
	i( 3 27 16 21 )
	i( 3 19 10 23 )
	i( 3 19 23 25 )
	i( 3 27 26 29 )
	i( 3 27 29 129 )
	i( 3 23 10 31 )
	i( 3 23 31 33 )
	i( 3 29 34 38 )
	i( 3 29 38 129 )
	i( 3 31 10 40 )
	i( 3 31 40 36 )
	i( 3 38 42 46 )
	i( 3 38 46 129 )
	i( 3 40 10 12 )
	i( 3 40 12 44 )
	i( 3 46 49 53 )
	i( 3 46 53 129 )
	i( 3 11 10 55 )
	i( 3 11 55 51 )
	i( 3 130 129 53 )
	i( 3 130 53 57 )
	i( 3 55 10 59 )
	i( 3 55 59 61 )
	i( 3 59 10 65 )
	i( 3 59 65 67 )
	i( 3 63 62 68 )
	i( 3 63 68 129 )
	i( 3 65 10 15 )
	i( 3 65 15 72 )
	i( 3 8 3 5 )
	i( 3 8 5 75 )
	i( 3 1 0 77 )
	i( 3 1 77 73 )
	i( 3 9 79 83 )
	i( 3 9 83 3 )
	i( 3 77 0 85 )
	i( 3 77 85 81 )
	i( 3 88 87 93 )
	i( 3 88 93 3 )
	i( 3 92 0 95 )
	i( 3 92 95 90 )
	i( 3 93 97 101 )
	i( 3 93 101 3 )
	i( 3 95 0 103 )
	i( 3 95 103 99 )
	i( 3 101 105 6 )
	i( 3 101 6 3 )
	i( 3 103 0 110 )
	i( 3 103 110 107 )
	i( 3 126 112 110 )
	i( 3 126 110 0 )
	i( 3 117 3 7 )
	i( 3 117 7 114 )
	i( 3 117 116 4 )
	i( 3 117 4 3 )
	i( 3 121 0 2 )
	i( 3 121 2 119 )
	g( "feet" )
	mt( "material/Legno_chiaro_2" )
	ni( 71 5 )
	i( 3 217 217 216 )
	i( 3 218 219 219 )
	i( 3 221 221 220 )
	i( 3 222 223 223 )
	i( 3 225 225 224 )
	i( 3 226 227 227 )
	i( 3 229 229 228 )
	i( 3 230 231 231 )
	i( 3 233 233 232 )
	i( 3 234 235 235 )
	i( 3 237 237 236 )
	i( 3 238 239 239 )
	i( 3 241 241 240 )
	i( 3 242 243 243 )
	i( 3 245 245 244 )
	i( 3 246 247 247 )
	i( 3 249 249 248 )
	i( 3 250 251 251 )
	i( 3 253 253 252 )
	i( 3 254 255 255 )
	i( 3 257 257 256 )
	i( 3 258 259 259 )
	i( 3 261 261 260 )
	i( 2 262 263 )
}
