object( "object/displayCaseBox2" )
{
	l( 3.66 -2.38 1.69 )
	ra( 0.276 )
	fl( 1 )
	di( 0.195 0.01 0.195 )
	displayName( "Display Case" )
	pathSuffix( "DisplayCase" )
	tag( 0 )
	visible( 0 )
	vb( 576 288 0 0 0 )
	v( 0.195 0.01 0.195 )
	v( 0.195 0.01 -0.195 )
	v( -0.195 0.01 0.195 )
	v( -0.195 0.01 -0.195 )
	v( -0.195 -0.01 -0.195 )
	v( -0.195 -0.01 0.195 )
	v( -0.195 0.01 0.195 )
	v( -0.195 0.01 -0.195 )
	v( 0.195 -0.01 -0.195 )
	v( 0.195 -0.01 0.195 )
	v( -0.195 -0.01 -0.195 )
	v( -0.195 -0.01 0.195 )
	v( 0.195 0.01 -0.195 )
	v( 0.195 0.01 0.195 )
	v( 0.195 -0.01 0.195 )
	v( 0.195 -0.01 -0.195 )
	v( 0.195 0.01 0.195 )
	v( -0.195 0.01 0.195 )
	v( 0.195 -0.01 0.195 )
	v( -0.195 -0.01 0.195 )
	v( 0.195 0.01 -0.195 )
	v( 0.195 -0.01 -0.195 )
	v( -0.195 0.01 -0.195 )
	v( -0.195 -0.01 -0.195 )
	n( 0 1 0 )
	n( 0 1 0 )
	n( 0 1 0 )
	n( 0 1 0 )
	n( -1 0 0 )
	n( -1 0 0 )
	n( -1 0 0 )
	n( -1 0 0 )
	n( 0 -1 0 )
	n( 0 -1 0 )
	n( 0 -1 0 )
	n( 0 -1 0 )
	n( 1 0 0 )
	n( 1 0 0 )
	n( 1 0 0 )
	n( 1 0 0 )
	n( 0 0 1 )
	n( 0 0 1 )
	n( 0 0 1 )
	n( 0 0 1 )
	n( 0 0 -1 )
	n( 0 0 -1 )
	n( 0 0 -1 )
	n( 0 0 -1 )
	ng( 1 )
	g( "null" )
	ni( 35 5 )
	i( 3 0 1 2 )
	i( 3 3 3 20 )
	i( 3 20 21 22 )
	i( 3 23 23 16 )
	i( 3 16 17 18 )
	i( 3 19 19 8 )
	i( 3 8 9 10 )
	i( 3 11 11 5 )
	i( 3 5 5 4 )
	i( 3 6 7 7 )
	i( 3 13 13 12 )
	i( 2 14 15 )
}
