object( "object/displayCase" )
{
	l( 3.677 -3.378 0.835 )
	ra( 1.476 )
	di( 0.215 1.01 1.055 )
	vb( 14208 5328 0 10656 0 )
	v( 0.105 -1 0.255 )
	v( 0.005 -1 0.255 )
	v( -0.195 -1 0.245 )
	v( -0.195 -0.5 0.255 )
	v( -0.195 0 0.255 )
	v( -0.195 1 0.245 )
	v( -0.095 1 0.255 )
	v( 0.005 1 0.255 )
	v( 0.205 1 0.245 )
	v( 0.105 -1 0.655 )
	v( 0.005 -1 0.655 )
	v( -0.195 -1 0.645 )
	v( -0.195 -0.5 0.655 )
	v( -0.195 0 0.655 )
	v( -0.195 1 0.645 )
	v( -0.095 1 0.655 )
	v( 0.005 1 0.655 )
	v( 0.205 1 0.645 )
	v( -0.195 0 -0.145 )
	v( -0.195 1 -0.155 )
	v( -0.195 -1 -0.155 )
	v( 0.005 -1 -0.145 )
	v( -0.195 -1 -0.155 )
	v( 0.205 -1 -0.155 )
	v( 0.005 1 -0.145 )
	v( 0.205 1 -0.155 )
	v( -0.195 1 -0.155 )
	v( -0.195 1.01 1.055 )
	v( -0.215 1.01 1.055 )
	v( -0.215 1 1.055 )
	v( -0.195 1 1.055 )
	v( -0.185 1 -1.055 )
	v( -0.185 1 1.055 )
	v( -0.195 1 1.055 )
	v( -0.195 1 -1.055 )
	v( -0.195 0.99 -1.055 )
	v( -0.195 1 -1.055 )
	v( -0.195 1 1.055 )
	v( -0.195 0.99 1.055 )
	v( 0.215 1 1.055 )
	v( 0.215 1.01 1.055 )
	v( 0.205 1.01 1.055 )
	v( 0.205 1 1.055 )
	v( 0.205 0.99 -1.055 )
	v( 0.205 0.99 1.055 )
	v( 0.205 1 1.055 )
	v( 0.205 1 -1.055 )
	v( 0.195 1 -1.055 )
	v( 0.205 1 -1.055 )
	v( 0.205 1 1.055 )
	v( 0.195 1 1.055 )
	v( -0.195 -1 -0.145 )
	v( -0.195 -0.5 -0.145 )
	v( -0.195 0.5 -0.145 )
	v( -0.195 1 -0.145 )
	v( 0.205 -1 -0.145 )
	v( 0.105 -1 -0.145 )
	v( -0.095 -1 -0.145 )
	v( -0.195 -1 -0.145 )
	v( -0.195 1 -0.145 )
	v( -0.095 1 -0.145 )
	v( 0.105 1 -0.145 )
	v( 0.205 1 -0.145 )
	v( 0.205 0.5 -0.145 )
	v( 0.205 1 -0.145 )
	v( 0.105 1 -0.145 )
	v( 0.105 0.5 -0.145 )
	v( 0.205 0 -0.145 )
	v( 0.105 0 -0.145 )
	v( 0.005 1 -0.145 )
	v( 0.005 0.5 -0.145 )
	v( 0.005 0 -0.145 )
	v( 0.205 -0.5 -0.145 )
	v( 0.105 -0.5 -0.145 )
	v( 0.205 -1 -0.145 )
	v( 0.105 -1 -0.145 )
	v( 0.005 -0.5 -0.145 )
	v( 0.005 -1 -0.145 )
	v( -0.095 1 -0.145 )
	v( -0.095 0.5 -0.145 )
	v( -0.095 0 -0.145 )
	v( -0.195 1 -0.145 )
	v( -0.195 0.5 -0.145 )
	v( -0.195 0 -0.145 )
	v( -0.095 -0.5 -0.145 )
	v( -0.095 -1 -0.145 )
	v( -0.195 -0.5 -0.145 )
	v( -0.195 -1 -0.145 )
	v( 0.105 1 0.655 )
	v( 0.205 1 0.655 )
	v( -0.195 0.5 0.655 )
	v( -0.195 1 0.655 )
	v( -0.095 -1 0.655 )
	v( -0.195 -1 0.655 )
	v( -0.095 -0.5 0.655 )
	v( -0.095 -1 0.655 )
	v( 0.005 -1 0.655 )
	v( 0.005 -0.5 0.655 )
	v( 0.105 -0.5 0.655 )
	v( 0.105 -1 0.655 )
	v( 0.205 -1 0.655 )
	v( 0.205 -0.5 0.655 )
	v( 0.105 0 0.655 )
	v( 0.005 0 0.655 )
	v( 0.105 0.5 0.655 )
	v( 0.205 0 0.655 )
	v( 0.205 0.5 0.655 )
	v( -0.195 1 0.655 )
	v( -0.195 0.5 0.655 )
	v( -0.095 0.5 0.655 )
	v( -0.095 1 0.655 )
	v( -0.195 0 0.655 )
	v( -0.195 -0.5 0.655 )
	v( -0.095 -0.5 0.655 )
	v( -0.095 0 0.655 )
	v( 0.005 0 0.655 )
	v( 0.005 0.5 0.655 )
	v( 0.005 1 0.655 )
	v( 0.105 0.5 0.655 )
	v( 0.105 1 0.655 )
	v( 0.205 1 0.655 )
	v( -0.195 -1 0.655 )
	v( 0.105 1 0.255 )
	v( 0.205 1 0.255 )
	v( -0.195 0.5 0.255 )
	v( -0.195 1 0.255 )
	v( -0.095 -1 0.255 )
	v( -0.195 -1 0.255 )
	v( -0.095 -0.5 0.255 )
	v( -0.095 -1 0.255 )
	v( 0.005 -1 0.255 )
	v( 0.005 -0.5 0.255 )
	v( 0.105 -0.5 0.255 )
	v( 0.105 -1 0.255 )
	v( 0.205 -1 0.255 )
	v( 0.205 -0.5 0.255 )
	v( 0.105 0 0.255 )
	v( 0.005 0 0.255 )
	v( 0.105 0.5 0.255 )
	v( 0.205 0 0.255 )
	v( 0.205 0.5 0.255 )
	v( -0.195 1 0.255 )
	v( -0.195 0.5 0.255 )
	v( -0.095 0.5 0.255 )
	v( -0.095 1 0.255 )
	v( -0.195 0 0.255 )
	v( -0.195 -0.5 0.255 )
	v( -0.095 -0.5 0.255 )
	v( -0.095 0 0.255 )
	v( 0.005 0 0.255 )
	v( 0.005 0.5 0.255 )
	v( 0.005 1 0.255 )
	v( 0.105 0.5 0.255 )
	v( 0.105 1 0.255 )
	v( 0.205 1 0.255 )
	v( -0.195 -1 0.255 )
	v( 0.215 0.99 1.055 )
	v( 0.215 1 1.055 )
	v( 0.205 1 1.055 )
	v( 0.205 0.99 1.055 )
	v( 0.205 1.01 1.055 )
	v( 0.195 1 1.055 )
	v( 0.195 1.01 1.055 )
	v( 0.195 1.01 -1.055 )
	v( 0.195 1 -1.055 )
	v( 0.195 1 1.055 )
	v( 0.195 1.01 1.055 )
	v( 0.205 0.99 -1.055 )
	v( 0.215 0.99 -1.055 )
	v( 0.215 0.99 1.055 )
	v( 0.205 0.99 1.055 )
	v( 0.205 1.01 1.055 )
	v( 0.215 1.01 1.055 )
	v( 0.215 1.01 -1.055 )
	v( 0.205 1.01 -1.055 )
	v( 0.195 1.01 -1.055 )
	v( 0.195 1.01 1.055 )
	v( -0.185 1.01 1.055 )
	v( -0.195 1.01 1.055 )
	v( -0.185 1 1.055 )
	v( -0.195 1 1.055 )
	v( -0.215 1 1.055 )
	v( -0.215 0.99 1.055 )
	v( -0.195 0.99 1.055 )
	v( -0.195 1.01 1.055 )
	v( -0.185 1.01 1.055 )
	v( -0.185 1.01 -1.055 )
	v( -0.195 1.01 -1.055 )
	v( -0.215 1.01 1.055 )
	v( -0.195 1.01 1.055 )
	v( -0.195 1.01 -1.055 )
	v( -0.215 1.01 -1.055 )
	v( -0.215 0.99 -1.055 )
	v( -0.195 0.99 -1.055 )
	v( -0.195 0.99 1.055 )
	v( -0.215 0.99 1.055 )
	v( -0.185 1 -1.055 )
	v( -0.185 1.01 -1.055 )
	v( -0.185 1.01 1.055 )
	v( -0.185 1 1.055 )
	v( -0.215 1 1.055 )
	v( -0.215 1.01 1.055 )
	v( -0.215 1.01 -1.055 )
	v( -0.215 1 -1.055 )
	v( -0.215 0.99 -1.055 )
	v( -0.215 0.99 1.055 )
	v( -0.185 -1 -1.055 )
	v( -0.195 -1 -1.055 )
	v( -0.195 -1 1.055 )
	v( -0.185 -1 1.055 )
	v( -0.195 -0.99 -1.055 )
	v( -0.195 -0.99 1.055 )
	v( -0.195 -1 1.055 )
	v( -0.195 -1 -1.055 )
	v( -0.215 -1 1.055 )
	v( -0.215 -1.01 1.055 )
	v( -0.195 -1.01 1.055 )
	v( -0.195 -1 1.055 )
	v( -0.215 -0.99 1.055 )
	v( -0.195 -1 1.055 )
	v( -0.195 -0.99 1.055 )
	v( -0.195 -1.01 1.055 )
	v( -0.185 -1.01 1.055 )
	v( -0.185 -1 1.055 )
	v( -0.215 -1 1.055 )
	v( -0.215 -0.99 1.055 )
	v( -0.215 -0.99 -1.055 )
	v( -0.215 -1 -1.055 )
	v( -0.215 -1.01 1.055 )
	v( -0.215 -1 1.055 )
	v( -0.215 -1 -1.055 )
	v( -0.215 -1.01 -1.055 )
	v( -0.185 -1.01 -1.055 )
	v( -0.185 -1 -1.055 )
	v( -0.185 -1 1.055 )
	v( -0.185 -1.01 1.055 )
	v( -0.195 -0.99 -1.055 )
	v( -0.215 -0.99 -1.055 )
	v( -0.215 -0.99 1.055 )
	v( -0.195 -0.99 1.055 )
	v( -0.195 -1.01 1.055 )
	v( -0.215 -1.01 1.055 )
	v( -0.215 -1.01 -1.055 )
	v( -0.195 -1.01 -1.055 )
	v( -0.185 -1.01 -1.055 )
	v( -0.185 -1.01 1.055 )
	v( 0.205 -0.99 -1.055 )
	v( 0.205 -1 -1.055 )
	v( 0.205 -1 1.055 )
	v( 0.205 -0.99 1.055 )
	v( 0.195 -1 -1.055 )
	v( 0.195 -1 1.055 )
	v( 0.205 -1 1.055 )
	v( 0.205 -1 -1.055 )
	v( 0.205 -1.01 1.055 )
	v( 0.215 -1.01 1.055 )
	v( 0.215 -1 1.055 )
	v( 0.205 -1 1.055 )
	v( 0.195 -1.01 1.055 )
	v( 0.205 -1.01 1.055 )
	v( 0.205 -1 1.055 )
	v( 0.195 -1 1.055 )
	v( 0.215 -1 1.055 )
	v( 0.215 -0.99 1.055 )
	v( 0.205 -0.99 1.055 )
	v( 0.205 -1.01 1.055 )
	v( 0.195 -1.01 1.055 )
	v( 0.195 -1.01 -1.055 )
	v( 0.205 -1.01 -1.055 )
	v( 0.215 -1.01 1.055 )
	v( 0.205 -1.01 1.055 )
	v( 0.205 -1.01 -1.055 )
	v( 0.215 -1.01 -1.055 )
	v( 0.215 -0.99 -1.055 )
	v( 0.205 -0.99 -1.055 )
	v( 0.205 -0.99 1.055 )
	v( 0.215 -0.99 1.055 )
	v( 0.195 -1 -1.055 )
	v( 0.195 -1.01 -1.055 )
	v( 0.195 -1.01 1.055 )
	v( 0.195 -1 1.055 )
	v( -0.195 1 -0.155 )
	v( -0.195 1 -1.055 )
	v( -0.195 -1 -1.055 )
	v( 0.205 1 -0.155 )
	v( 0.205 1 -1.055 )
	v( -0.195 1 -1.055 )
	v( 0.185 -0.99 0.235 )
	v( -0.175 -0.99 0.235 )
	v( -0.175 0.99 0.235 )
	v( 0.185 0.99 0.235 )
	v( -0.175 -0.99 0.205 )
	v( -0.175 0.99 0.205 )
	v( -0.175 0.99 0.235 )
	v( -0.175 -0.99 0.235 )
	v( 0.185 -0.99 0.205 )
	v( -0.175 -0.99 0.205 )
	v( -0.175 -0.99 0.235 )
	v( 0.185 -0.99 0.235 )
	v( 0.185 0.99 0.205 )
	v( 0.185 -0.99 0.205 )
	v( 0.185 -0.99 0.235 )
	v( 0.185 0.99 0.235 )
	v( -0.175 0.99 0.205 )
	v( 0.185 0.99 0.205 )
	v( 0.185 0.99 0.235 )
	v( -0.175 0.99 0.235 )
	v( -0.195 1 0.205 )
	v( 0.205 1 0.205 )
	v( 0.185 0.99 0.205 )
	v( -0.175 0.99 0.205 )
	v( 0.205 -1 0.205 )
	v( 0.185 -0.99 0.205 )
	v( 0.205 1 0.205 )
	v( -0.175 -0.99 0.205 )
	v( 0.185 -0.99 0.205 )
	v( -0.195 -1 0.205 )
	v( -0.195 -1 0.205 )
	v( -0.195 1 0.205 )
	v( -0.175 0.99 0.205 )
	v( -0.175 -0.99 0.205 )
	v( -0.195 -1 0.245 )
	v( -0.195 1 0.245 )
	v( -0.195 1 0.205 )
	v( -0.195 -1 0.205 )
	v( 0.205 -1 0.245 )
	v( -0.195 -1 0.245 )
	v( -0.195 -1 0.205 )
	v( 0.205 -1 0.205 )
	v( -0.195 1 0.245 )
	v( 0.205 1 0.245 )
	v( 0.205 1 0.205 )
	v( -0.195 1 0.205 )
	v( -0.195 1 0.255 )
	v( -0.195 -1 0.255 )
	v( 0.205 -1 0.255 )
	v( 0.185 -0.99 0.635 )
	v( -0.175 -0.99 0.635 )
	v( -0.175 0.99 0.635 )
	v( 0.185 0.99 0.635 )
	v( -0.175 -0.99 0.605 )
	v( -0.175 0.99 0.605 )
	v( -0.175 0.99 0.635 )
	v( -0.175 -0.99 0.635 )
	v( 0.185 -0.99 0.605 )
	v( -0.175 -0.99 0.605 )
	v( -0.175 -0.99 0.635 )
	v( 0.185 -0.99 0.635 )
	v( 0.185 0.99 0.605 )
	v( 0.185 -0.99 0.605 )
	v( 0.185 -0.99 0.635 )
	v( 0.185 0.99 0.635 )
	v( -0.175 0.99 0.605 )
	v( 0.185 0.99 0.605 )
	v( 0.185 0.99 0.635 )
	v( -0.175 0.99 0.635 )
	v( -0.195 1 0.605 )
	v( 0.205 1 0.605 )
	v( 0.185 0.99 0.605 )
	v( -0.175 0.99 0.605 )
	v( 0.205 -1 0.605 )
	v( 0.185 -0.99 0.605 )
	v( 0.205 1 0.605 )
	v( -0.175 -0.99 0.605 )
	v( 0.185 -0.99 0.605 )
	v( -0.195 -1 0.605 )
	v( -0.195 -1 0.605 )
	v( -0.195 1 0.605 )
	v( -0.175 0.99 0.605 )
	v( -0.175 -0.99 0.605 )
	v( -0.195 -1 0.645 )
	v( -0.195 1 0.645 )
	v( -0.195 1 0.605 )
	v( -0.195 -1 0.605 )
	v( 0.205 -1 0.645 )
	v( -0.195 -1 0.645 )
	v( -0.195 -1 0.605 )
	v( 0.205 -1 0.605 )
	v( -0.195 1 0.645 )
	v( 0.205 1 0.645 )
	v( 0.205 1 0.605 )
	v( -0.195 1 0.605 )
	v( -0.195 1 0.655 )
	v( -0.195 -1 0.655 )
	v( 0.205 -1 0.655 )
	v( 0.185 -0.99 1.035 )
	v( -0.175 -0.99 1.035 )
	v( -0.175 0.99 1.035 )
	v( 0.185 0.99 1.035 )
	v( -0.175 -0.99 1.005 )
	v( -0.175 0.99 1.005 )
	v( -0.175 0.99 1.035 )
	v( -0.175 -0.99 1.035 )
	v( 0.185 -0.99 1.005 )
	v( -0.175 -0.99 1.005 )
	v( -0.175 -0.99 1.035 )
	v( 0.185 -0.99 1.035 )
	v( 0.185 0.99 1.005 )
	v( 0.185 -0.99 1.005 )
	v( 0.185 -0.99 1.035 )
	v( 0.185 0.99 1.035 )
	v( -0.175 0.99 1.005 )
	v( 0.185 0.99 1.005 )
	v( 0.185 0.99 1.035 )
	v( -0.175 0.99 1.035 )
	v( -0.195 1 1.005 )
	v( 0.205 1 1.005 )
	v( 0.185 0.99 1.005 )
	v( -0.175 0.99 1.005 )
	v( 0.205 -1 1.005 )
	v( 0.185 -0.99 1.005 )
	v( 0.205 1 1.005 )
	v( -0.175 -0.99 1.005 )
	v( 0.185 -0.99 1.005 )
	v( -0.195 -1 1.005 )
	v( -0.195 -1 1.005 )
	v( -0.195 1 1.005 )
	v( -0.175 0.99 1.005 )
	v( -0.175 -0.99 1.005 )
	v( -0.195 -1 1.045 )
	v( -0.195 1 1.045 )
	v( -0.195 1 1.005 )
	v( -0.195 -1 1.005 )
	v( 0.205 -1 1.045 )
	v( -0.195 -1 1.045 )
	v( -0.195 -1 1.005 )
	v( 0.205 -1 1.005 )
	v( -0.195 1 1.045 )
	v( 0.205 1 1.045 )
	v( 0.205 1 1.005 )
	v( -0.195 1 1.005 )
	v( -0.195 1 1.055 )
	v( 0.205 1 1.055 )
	v( 0.205 1 1.045 )
	v( -0.195 -1 1.055 )
	v( -0.195 1 1.055 )
	v( -0.195 1 1.045 )
	v( 0.205 1 1.055 )
	v( 0.205 -1 1.055 )
	v( -0.195 -1 1.045 )
	v( -0.195 -1 1.055 )
	v( -0.195 -1 -1.055 )
	v( 0.205 -1 -1.055 )
	v( -0.195 -1 -0.155 )
	n( 0 -1 0 )
	n( 0 -1 0 )
	n( 0 -1 0 )
	n( -1 0 0 )
	n( -1 0 0 )
	n( -1 0 0 )
	n( 0 1 0 )
	n( 0 1 0 )
	n( 0 1 0 )
	n( 0 -1 0 )
	n( 0 -1 0 )
	n( 0 -1 0 )
	n( -1 0 0 )
	n( -1 0 0 )
	n( -1 0 0 )
	n( 0 1 0 )
	n( 0 1 0 )
	n( 0 1 0 )
	n( -1 0 0 )
	n( -1 0 0 )
	n( -1 0 0 )
	n( 0 -1 0 )
	n( 0 -1 0 )
	n( 0 -1 0 )
	n( 0 1 0 )
	n( 0 1 0 )
	n( 0 1 0 )
	n( 0 0 1 )
	n( 0 0 1 )
	n( 0 0 1 )
	n( 0 0 1 )
	n( 0.033 -0.999 0 )
	n( 0.033 -0.999 0 )
	n( 0.033 -0.999 0 )
	n( 0.033 -0.999 0 )
	n( 1 0 0 )
	n( 1 0 0 )
	n( 1 0 0 )
	n( 1 0 0 )
	n( 0 0 1 )
	n( 0 0 1 )
	n( 0 0 1 )
	n( 0 0 1 )
	n( -1 0 0 )
	n( -1 0 0 )
	n( -1 0 0 )
	n( -1 0 0 )
	n( -0.033 -0.999 0 )
	n( -0.033 -0.999 0 )
	n( -0.033 -0.999 0 )
	n( -0.033 -0.999 0 )
	n( -1 0 0 )
	n( -1 0 0 )
	n( -1 0 0 )
	n( -1 0 0 )
	n( 0 -1 0 )
	n( 0 -1 0 )
	n( 0 -1 0 )
	n( 0 -1 0 )
	n( 0 1 0 )
	n( 0 1 0 )
	n( 0 1 0 )
	n( 0 1 0 )
	n( 0 0 1 )
	n( 0 0 1 )
	n( 0 0 1 )
	n( 0 0 1 )
	n( 0 0 1 )
	n( 0 0 1 )
	n( 0 0 1 )
	n( 0 0 1 )
	n( 0 0 1 )
	n( 0 0 1 )
	n( 0 0 1 )
	n( 0 0 1 )
	n( 0 0 1 )
	n( 0 0 1 )
	n( 0 0 1 )
	n( 0 0 1 )
	n( 0 0 1 )
	n( 0 0 1 )
	n( 0 0 1 )
	n( 0 0 1 )
	n( 0 0 1 )
	n( 0 0 1 )
	n( 0 0 1 )
	n( 0 0 1 )
	n( 0 0 1 )
	n( 0 1 0 )
	n( 0 1 0 )
	n( -1 0 0 )
	n( -1 0 0 )
	n( 0 -1 0 )
	n( 0 -1 0 )
	n( 0 0 1 )
	n( 0 0 1 )
	n( 0 0 1 )
	n( 0 0 1 )
	n( 0 0 1 )
	n( 0 0 1 )
	n( 0 0 1 )
	n( 0 0 1 )
	n( 0 0 1 )
	n( 0 0 1 )
	n( 0 0 1 )
	n( 0 0 1 )
	n( 0 0 1 )
	n( 0 0 1 )
	n( 0 0 1 )
	n( 0 0 1 )
	n( 0 0 1 )
	n( 0 0 1 )
	n( 0 0 1 )
	n( 0 0 1 )
	n( 0 0 1 )
	n( 0 0 1 )
	n( 0 0 1 )
	n( 0 0 1 )
	n( 0 0 1 )
	n( 0 0 1 )
	n( 0 0 1 )
	n( 0 0 1 )
	n( 0 1 0 )
	n( 0 1 0 )
	n( -1 0 0 )
	n( -1 0 0 )
	n( 0 -1 0 )
	n( 0 -1 0 )
	n( 0 0 1 )
	n( 0 0 1 )
	n( 0 0 1 )
	n( 0 0 1 )
	n( 0 0 1 )
	n( 0 0 1 )
	n( 0 0 1 )
	n( 0 0 1 )
	n( 0 0 1 )
	n( 0 0 1 )
	n( 0 0 1 )
	n( 0 0 1 )
	n( 0 0 1 )
	n( 0 0 1 )
	n( 0 0 1 )
	n( 0 0 1 )
	n( 0 0 1 )
	n( 0 0 1 )
	n( 0 0 1 )
	n( 0 0 1 )
	n( 0 0 1 )
	n( 0 0 1 )
	n( 0 0 1 )
	n( 0 0 1 )
	n( 0 0 1 )
	n( 0 0 1 )
	n( 0 0 1 )
	n( 0 0 1 )
	n( 0 0 1 )
	n( 0 0 1 )
	n( 0 0 1 )
	n( 0 0 1 )
	n( 0 0 1 )
	n( 0 0 1 )
	n( 0 0 1 )
	n( -1 0 0 )
	n( -1 0 0 )
	n( -1 0 0 )
	n( -1 0 0 )
	n( 0 -1 0 )
	n( 0 -1 0 )
	n( 0 -1 0 )
	n( 0 -1 0 )
	n( 0 1 0 )
	n( 0 1 0 )
	n( 0 1 0 )
	n( 0 1 0 )
	n( 0 1 0 )
	n( 0 1 0 )
	n( 0 0 1 )
	n( 0 0 1 )
	n( 0 0 1 )
	n( 0 0 1 )
	n( 0 0 1 )
	n( 0 0 1 )
	n( 0 0 1 )
	n( 0 1 0 )
	n( 0 1 0 )
	n( 0 1 0 )
	n( 0 1 0 )
	n( 0 1 0 )
	n( 0 1 0 )
	n( 0 1 0 )
	n( 0 1 0 )
	n( 0 -1 0 )
	n( 0 -1 0 )
	n( 0 -1 0 )
	n( 0 -1 0 )
	n( 1 0 0 )
	n( 1 0 0 )
	n( 1 0 0 )
	n( 1 0 0 )
	n( -1 0 0 )
	n( -1 0 0 )
	n( -1 0 0 )
	n( -1 0 0 )
	n( -1 0 0 )
	n( -1 0 0 )
	n( 0 1 0 )
	n( 0 1 0 )
	n( 0 1 0 )
	n( 0 1 0 )
	n( 1 0 0 )
	n( 1 0 0 )
	n( 1 0 0 )
	n( 1 0 0 )
	n( 0 0 1 )
	n( 0 0 1 )
	n( 0 0 1 )
	n( 0 0 1 )
	n( 0 0 1 )
	n( 0 0 1 )
	n( 0 0 1 )
	n( 0 0 1 )
	n( 0 0 1 )
	n( 0 0 1 )
	n( -1 0 0 )
	n( -1 0 0 )
	n( -1 0 0 )
	n( -1 0 0 )
	n( -1 0 0 )
	n( -1 0 0 )
	n( -1 0 0 )
	n( -1 0 0 )
	n( 1 0 0 )
	n( 1 0 0 )
	n( 1 0 0 )
	n( 1 0 0 )
	n( 0 1 0 )
	n( 0 1 0 )
	n( 0 1 0 )
	n( 0 1 0 )
	n( 0 -1 0 )
	n( 0 -1 0 )
	n( 0 -1 0 )
	n( 0 -1 0 )
	n( 0 -1 0 )
	n( 0 -1 0 )
	n( -1 0 0 )
	n( -1 0 0 )
	n( -1 0 0 )
	n( -1 0 0 )
	n( 0 1 0 )
	n( 0 1 0 )
	n( 0 1 0 )
	n( 0 1 0 )
	n( 0 0 1 )
	n( 0 0 1 )
	n( 0 0 1 )
	n( 0 0 1 )
	n( 0 0 1 )
	n( 0 0 1 )
	n( 0 0 1 )
	n( 0 0 1 )
	n( 0 0 1 )
	n( 0 0 1 )
	n( 0 0 1 )
	n( 0 -1 0 )
	n( 0 -1 0 )
	n( 0 -1 0 )
	n( 0 -1 0 )
	n( 0 -1 0 )
	n( 0 -1 0 )
	n( 0 -1 0 )
	n( 0 -1 0 )
	n( 0 1 0 )
	n( 0 1 0 )
	n( 0 1 0 )
	n( 0 1 0 )
	n( -1 0 0 )
	n( -1 0 0 )
	n( -1 0 0 )
	n( -1 0 0 )
	n( -1 0 0 )
	n( -1 0 0 )
	n( -1 0 0 )
	n( 0 1 0 )
	n( 0 1 0 )
	n( 0 1 0 )
	n( 0 0 -1 )
	n( 0 0 -1 )
	n( 0 0 -1 )
	n( 0 0 -1 )
	n( 1 0 0 )
	n( 1 0 0 )
	n( 1 0 0 )
	n( 1 0 0 )
	n( 0 1 0 )
	n( 0 1 0 )
	n( 0 1 0 )
	n( 0 1 0 )
	n( -1 0 0 )
	n( -1 0 0 )
	n( -1 0 0 )
	n( -1 0 0 )
	n( 0 -1 0 )
	n( 0 -1 0 )
	n( 0 -1 0 )
	n( 0 -1 0 )
	n( 0 0 -1 )
	n( 0 0 -1 )
	n( 0 0 -1 )
	n( 0 0 -1 )
	n( 0 0 -1 )
	n( 0 0 -1 )
	n( 0 0 -1 )
	n( 0 0 -1 )
	n( 0 0 -1 )
	n( 0 0 -1 )
	n( 0 0 -1 )
	n( 0 0 -1 )
	n( 0 0 -1 )
	n( 0 0 -1 )
	n( -1 0 0 )
	n( -1 0 0 )
	n( -1 0 0 )
	n( -1 0 0 )
	n( 0 -1 0 )
	n( 0 -1 0 )
	n( 0 -1 0 )
	n( 0 -1 0 )
	n( 0 1 0 )
	n( 0 1 0 )
	n( 0 1 0 )
	n( 0 1 0 )
	n( 0 1 0 )
	n( -1 0 0 )
	n( 0 -1 0 )
	n( 0 0 -1 )
	n( 0 0 -1 )
	n( 0 0 -1 )
	n( 0 0 -1 )
	n( 1 0 0 )
	n( 1 0 0 )
	n( 1 0 0 )
	n( 1 0 0 )
	n( 0 1 0 )
	n( 0 1 0 )
	n( 0 1 0 )
	n( 0 1 0 )
	n( -1 0 0 )
	n( -1 0 0 )
	n( -1 0 0 )
	n( -1 0 0 )
	n( 0 -1 0 )
	n( 0 -1 0 )
	n( 0 -1 0 )
	n( 0 -1 0 )
	n( 0 0 -1 )
	n( 0 0 -1 )
	n( 0 0 -1 )
	n( 0 0 -1 )
	n( 0 0 -1 )
	n( 0 0 -1 )
	n( 0 0 -1 )
	n( 0 0 -1 )
	n( 0 0 -1 )
	n( 0 0 -1 )
	n( 0 0 -1 )
	n( 0 0 -1 )
	n( 0 0 -1 )
	n( 0 0 -1 )
	n( -1 0 0 )
	n( -1 0 0 )
	n( -1 0 0 )
	n( -1 0 0 )
	n( 0 -1 0 )
	n( 0 -1 0 )
	n( 0 -1 0 )
	n( 0 -1 0 )
	n( 0 1 0 )
	n( 0 1 0 )
	n( 0 1 0 )
	n( 0 1 0 )
	n( 0 1 0 )
	n( -1 0 0 )
	n( 0 -1 0 )
	n( 0 0 -1 )
	n( 0 0 -1 )
	n( 0 0 -1 )
	n( 0 0 -1 )
	n( 1 0 0 )
	n( 1 0 0 )
	n( 1 0 0 )
	n( 1 0 0 )
	n( 0 1 0 )
	n( 0 1 0 )
	n( 0 1 0 )
	n( 0 1 0 )
	n( -1 0 0 )
	n( -1 0 0 )
	n( -1 0 0 )
	n( -1 0 0 )
	n( 0 -1 0 )
	n( 0 -1 0 )
	n( 0 -1 0 )
	n( 0 -1 0 )
	n( 0 0 -1 )
	n( 0 0 -1 )
	n( 0 0 -1 )
	n( 0 0 -1 )
	n( 0 0 -1 )
	n( 0 0 -1 )
	n( 0 0 -1 )
	n( 0 0 -1 )
	n( 0 0 -1 )
	n( 0 0 -1 )
	n( 0 0 -1 )
	n( 0 0 -1 )
	n( 0 0 -1 )
	n( 0 0 -1 )
	n( -1 0 0 )
	n( -1 0 0 )
	n( -1 0 0 )
	n( -1 0 0 )
	n( 0 -1 0 )
	n( 0 -1 0 )
	n( 0 -1 0 )
	n( 0 -1 0 )
	n( 0 1 0 )
	n( 0 1 0 )
	n( 0 1 0 )
	n( 0 1 0 )
	n( 0 1 0 )
	n( 0 1 0 )
	n( 0 1 0 )
	n( -1 0 0 )
	n( -1 0 0 )
	n( -1 0 0 )
	n( 0 0 1 )
	n( 0 -1 0 )
	n( 0 -1 0 )
	n( 0 -1 0 )
	n( 0 -1 0 )
	n( 0 -1 0 )
	n( 0 -1 0 )
	u0( 0.25 1 )
	u0( 0.5 1 )
	u0( 1 0 )
	u0( 0.25 1 )
	u0( 0.5 1 )
	u0( 1 0 )
	u0( 0.25 1 )
	u0( 0.5 1 )
	u0( 1 0 )
	u0( 0.25 1 )
	u0( 0.5 1 )
	u0( 1 0 )
	u0( 0.25 1 )
	u0( 0.5 1 )
	u0( 1 0 )
	u0( 0.25 1 )
	u0( 0.5 1 )
	u0( 1 0 )
	u0( 0.5 0.5 )
	u0( 1 1 )
	u0( 1 0 )
	u0( 0.5 0.5 )
	u0( 1 1 )
	u0( 1 0 )
	u0( 0.5 0.5 )
	u0( 1 1 )
	u0( 1 0 )
	u0( 1 0 )
	u0( 0 1 )
	u0( 1 1 )
	u0( 1 0 )
	u0( 1 0 )
	u0( 0 1 )
	u0( 1 1 )
	u0( 1 0 )
	u0( 1 0 )
	u0( 0 1 )
	u0( 1 1 )
	u0( 1 0 )
	u0( 1 0 )
	u0( 0 1 )
	u0( 1 1 )
	u0( 1 0 )
	u0( 1 0 )
	u0( 0 1 )
	u0( 1 1 )
	u0( 1 0 )
	u0( 1 0 )
	u0( 0 1 )
	u0( 1 1 )
	u0( 1 0 )
	u0( 1 0 )
	u0( 0.75 0.25 )
	u0( 0.25 0.75 )
	u0( 0 1 )
	u0( 1 0 )
	u0( 0.75 0.25 )
	u0( 0.25 0.75 )
	u0( 0 1 )
	u0( 1 0 )
	u0( 0.75 0.25 )
	u0( 0.25 0.75 )
	u0( 0 1 )
	u0( 0.25 0 )
	u0( 0 0 )
	u0( 0 0.25 )
	u0( 0.25 0.25 )
	u0( 0.5 0 )
	u0( 0.5 0.25 )
	u0( 0 0.5 )
	u0( 0.25 0.5 )
	u0( 0.5 0.5 )
	u0( 0.75 0 )
	u0( 0.75 0.25 )
	u0( 1 0 )
	u0( 1 0.25 )
	u0( 0.75 0.5 )
	u0( 1 0.5 )
	u0( 0 0.75 )
	u0( 0.25 0.75 )
	u0( 0.5 0.75 )
	u0( 0 1 )
	u0( 0.25 1 )
	u0( 0.5 1 )
	u0( 0.75 0.75 )
	u0( 1 0.75 )
	u0( 0.75 1 )
	u0( 1 1 )
	u0( 0.75 1 )
	u0( 1 1 )
	u0( 0.75 1 )
	u0( 1 1 )
	u0( 0.75 1 )
	u0( 1 1 )
	u0( 0.75 1 )
	u0( 1 0.75 )
	u0( 1 0.5 )
	u0( 0.75 0.75 )
	u0( 0.75 0.5 )
	u0( 1 0.25 )
	u0( 1 0 )
	u0( 0.75 0.25 )
	u0( 0.5 0.75 )
	u0( 0.5 1 )
	u0( 0.25 1 )
	u0( 0.5 0.5 )
	u0( 0.25 0.75 )
	u0( 1 1 )
	u0( 1 0.75 )
	u0( 0.75 0.75 )
	u0( 0.75 1 )
	u0( 1 0.5 )
	u0( 1 0.25 )
	u0( 0.75 0.25 )
	u0( 0.75 0.5 )
	u0( 0.5 0.5 )
	u0( 0.5 0.75 )
	u0( 0.5 1 )
	u0( 0.25 0.75 )
	u0( 0.25 1 )
	u0( 0 1 )
	u0( 1 0 )
	u0( 0.75 1 )
	u0( 1 1 )
	u0( 0.75 1 )
	u0( 1 1 )
	u0( 0.75 1 )
	u0( 1 1 )
	u0( 0.75 1 )
	u0( 1 0.75 )
	u0( 1 0.5 )
	u0( 0.75 0.75 )
	u0( 0.75 0.5 )
	u0( 1 0.25 )
	u0( 1 0 )
	u0( 0.75 0.25 )
	u0( 0.5 0.75 )
	u0( 0.5 1 )
	u0( 0.25 1 )
	u0( 0.5 0.5 )
	u0( 0.25 0.75 )
	u0( 1 1 )
	u0( 1 0.75 )
	u0( 0.75 0.75 )
	u0( 0.75 1 )
	u0( 1 0.5 )
	u0( 1 0.25 )
	u0( 0.75 0.25 )
	u0( 0.75 0.5 )
	u0( 0.5 0.5 )
	u0( 0.5 0.75 )
	u0( 0.5 1 )
	u0( 0.25 0.75 )
	u0( 0.25 1 )
	u0( 0 1 )
	u0( 1 0 )
	u0( 1 0 )
	u0( 0 1 )
	u0( 1 1 )
	u0( 1 0 )
	u0( 0 1 )
	u0( 1 0 )
	u0( 1 1 )
	u0( 1 0 )
	u0( 0 1 )
	u0( 1 1 )
	u0( 1 0 )
	u0( 1 0 )
	u0( 0 1 )
	u0( 1 1 )
	u0( 1 0 )
	u0( 1 0 )
	u0( 0 1 )
	u0( 1 1 )
	u0( 1 0 )
	u0( 0 1 )
	u0( 1 1 )
	u0( 1 0 )
	u0( 0 1 )
	u0( 1 0 )
	u0( 1 1 )
	u0( 0 1 )
	u0( 1 1 )
	u0( 1 0 )
	u0( 1 0 )
	u0( 0 1 )
	u0( 1 1 )
	u0( 1 0 )
	u0( 1 0 )
	u0( 0 1 )
	u0( 1 1 )
	u0( 1 0 )
	u0( 1 0 )
	u0( 0 1 )
	u0( 1 1 )
	u0( 1 0 )
	u0( 1 0 )
	u0( 0 1 )
	u0( 1 1 )
	u0( 1 0 )
	u0( 1 0 )
	u0( 0 1 )
	u0( 1 1 )
	u0( 1 0 )
	u0( 0 1 )
	u0( 1 1 )
	u0( 1 0 )
	u0( 0 1 )
	u0( 1 1 )
	u0( 1 0 )
	u0( 1 0 )
	u0( 0 1 )
	u0( 1 1 )
	u0( 1 0 )
	u0( 0 1 )
	u0( 1 1 )
	u0( 1 1 )
	u0( 1 0 )
	u0( 1 0 )
	u0( 1 1 )
	u0( 1 0 )
	u0( 0 1 )
	u0( 1 1 )
	u0( 1 0 )
	u0( 1 0 )
	u0( 0 1 )
	u0( 1 1 )
	u0( 1 0 )
	u0( 1 0 )
	u0( 0 1 )
	u0( 1 1 )
	u0( 1 0 )
	u0( 1 0 )
	u0( 0 1 )
	u0( 1 1 )
	u0( 1 0 )
	u0( 1 0 )
	u0( 0 1 )
	u0( 1 1 )
	u0( 1 0 )
	u0( 1 0 )
	u0( 0 1 )
	u0( 1 1 )
	u0( 1 0 )
	u0( 0 1 )
	u0( 1 1 )
	u0( 1 0 )
	u0( 0 1 )
	u0( 1 1 )
	u0( 1 0 )
	u0( 1 0 )
	u0( 0 1 )
	u0( 1 1 )
	u0( 1 0 )
	u0( 1 0 )
	u0( 0 1 )
	u0( 1 1 )
	u0( 1 0 )
	u0( 0 1 )
	u0( 1 1 )
	u0( 1 1 )
	u0( 1 0 )
	u0( 0 1 )
	u0( 1 1 )
	u0( 1 0 )
	u0( 1 0 )
	u0( 0 1 )
	u0( 1 1 )
	u0( 1 0 )
	u0( 1 0 )
	u0( 0 1 )
	u0( 1 1 )
	u0( 1 0 )
	u0( 1 0 )
	u0( 0 1 )
	u0( 1 1 )
	u0( 1 0 )
	u0( 1 0 )
	u0( 0 1 )
	u0( 1 1 )
	u0( 1 0 )
	u0( 0 1 )
	u0( 1 1 )
	u0( 1 0 )
	u0( 0 1 )
	u0( 1 1 )
	u0( 1 0 )
	u0( 1 0 )
	u0( 0 1 )
	u0( 1 1 )
	u0( 1 0 )
	u0( 1 0 )
	u0( 0 1 )
	u0( 1 1 )
	u0( 1 0 )
	u0( 1 0 )
	u0( 0 1 )
	u0( 1 1 )
	u0( 1 0 )
	u0( 1 0 )
	u0( 0 1 )
	u0( 1 1 )
	u0( 1 0 )
	u0( 1 0 )
	u0( 0 1 )
	u0( 1 1 )
	u0( 1 0 )
	u0( 1 0 )
	u0( 0 1 )
	u0( 1 1 )
	u0( 1 0 )
	u0( 0 1 )
	u0( 1 1 )
	u0( 1 0 )
	u0( 1 1 )
	u0( 1 0 )
	u0( 1 1 )
	u0( 0 1 )
	u0( 1 1 )
	u0( 1 1 )
	u0( 1 0 )
	u0( 1 0 )
	u0( 0 1 )
	u0( 1 1 )
	u0( 1 0 )
	u0( 1 0 )
	u0( 0 1 )
	u0( 1 1 )
	u0( 1 0 )
	u0( 1 0 )
	u0( 0 1 )
	u0( 1 1 )
	u0( 1 0 )
	u0( 0 1 )
	u0( 0 1 )
	u0( 0 1 )
	u0( 1 0 )
	u0( 0 1 )
	u0( 1 1 )
	u0( 1 0 )
	u0( 1 0 )
	u0( 0 1 )
	u0( 1 1 )
	u0( 1 0 )
	u0( 1 0 )
	u0( 0 1 )
	u0( 1 1 )
	u0( 1 0 )
	u0( 1 0 )
	u0( 0 1 )
	u0( 1 1 )
	u0( 1 0 )
	u0( 1 0 )
	u0( 0 1 )
	u0( 1 1 )
	u0( 1 0 )
	u0( 1 0 )
	u0( 0 1 )
	u0( 1 1 )
	u0( 1 0 )
	u0( 0 1 )
	u0( 1 1 )
	u0( 1 0 )
	u0( 1 1 )
	u0( 1 0 )
	u0( 1 1 )
	u0( 0 1 )
	u0( 1 1 )
	u0( 1 1 )
	u0( 1 0 )
	u0( 1 0 )
	u0( 0 1 )
	u0( 1 1 )
	u0( 1 0 )
	u0( 1 0 )
	u0( 0 1 )
	u0( 1 1 )
	u0( 1 0 )
	u0( 1 0 )
	u0( 0 1 )
	u0( 1 1 )
	u0( 1 0 )
	u0( 0 1 )
	u0( 0 1 )
	u0( 0 1 )
	u0( 1 0 )
	u0( 0 1 )
	u0( 1 1 )
	u0( 1 0 )
	u0( 1 0 )
	u0( 0 1 )
	u0( 1 1 )
	u0( 1 0 )
	u0( 1 0 )
	u0( 0 1 )
	u0( 1 1 )
	u0( 1 0 )
	u0( 1 0 )
	u0( 0 1 )
	u0( 1 1 )
	u0( 1 0 )
	u0( 1 0 )
	u0( 0 1 )
	u0( 1 1 )
	u0( 1 0 )
	u0( 1 0 )
	u0( 0 1 )
	u0( 1 1 )
	u0( 1 0 )
	u0( 0 1 )
	u0( 1 1 )
	u0( 1 0 )
	u0( 1 1 )
	u0( 1 0 )
	u0( 1 1 )
	u0( 0 1 )
	u0( 1 1 )
	u0( 1 1 )
	u0( 1 0 )
	u0( 1 0 )
	u0( 0 1 )
	u0( 1 1 )
	u0( 1 0 )
	u0( 1 0 )
	u0( 0 1 )
	u0( 1 1 )
	u0( 1 0 )
	u0( 1 0 )
	u0( 0 1 )
	u0( 1 1 )
	u0( 1 0 )
	u0( 0 1 )
	u0( 1 1 )
	u0( 1 0 )
	u0( 0 1 )
	u0( 1 1 )
	u0( 1 0 )
	u0( 0 1 )
	u0( 0 1 )
	u0( 1 0 )
	u0( 1 1 )
	u0( 1 1 )
	u0( 1 0 )
	u0( 0 1 )
	ng( 2 )
	g( "shinyShelf" )
	mt( "material/blackMetalShelf" )
	ni( 505 5 )
	i( 3 288 288 287 )
	i( 3 289 290 290 )
	i( 3 138 138 138 )
	i( 3 139 140 140 )
	i( 3 155 155 146 )
	i( 3 129 128 130 )
	i( 3 131 133 132 )
	i( 3 134 132 135 )
	i( 3 136 139 136 )
	i( 3 138 150 150 )
	i( 3 136 136 132 )
	i( 3 137 131 148 )
	i( 3 147 147 136 )
	i( 3 136 136 150 )
	i( 3 149 143 148 )
	i( 3 148 154 154 )
	i( 3 140 153 152 )
	i( 3 151 150 144 )
	i( 3 143 141 143 )
	i( 3 142 148 145 )
	i( 3 147 146 146 )
	i( 3 437 437 437 )
	i( 3 257 180 217 )
	i( 3 217 431 431 )
	i( 3 427 432 433 )
	i( 3 433 428 428 )
	i( 3 427 429 430 )
	i( 3 430 424 424 )
	i( 3 423 425 426 )
	i( 3 426 423 423 )
	i( 3 423 438 439 )
	i( 3 440 440 434 )
	i( 3 434 434 419 )
	i( 3 435 436 436 )
	i( 3 420 420 419 )
	i( 3 421 422 422 )
	i( 3 416 416 415 )
	i( 3 417 418 418 )
	i( 3 413 413 412 )
	i( 3 409 414 414 )
	i( 3 410 410 409 )
	i( 3 407 411 411 )
	i( 3 406 406 405 )
	i( 3 407 408 408 )
	i( 3 402 402 401 )
	i( 3 403 404 404 )
	i( 3 398 398 397 )
	i( 3 399 400 400 )
	i( 3 394 394 393 )
	i( 3 395 396 396 )
	i( 3 390 390 389 )
	i( 3 391 392 392 )
	i( 3 386 386 385 )
	i( 3 387 388 388 )
	i( 3 379 379 378 )
	i( 3 380 381 381 )
	i( 3 89 89 88 )
	i( 3 17 16 17 )
	i( 3 15 378 382 )
	i( 3 382 375 375 )
	i( 3 374 376 377 )
	i( 3 377 93 93 )
	i( 3 92 11 10 )
	i( 3 11 9 374 )
	i( 3 384 384 371 )
	i( 3 371 370 372 )
	i( 3 373 373 91 )
	i( 3 91 90 14 )
	i( 3 13 14 12 )
	i( 3 370 383 383 )
	i( 3 367 367 366 )
	i( 3 368 369 369 )
	i( 3 364 364 363 )
	i( 3 360 365 365 )
	i( 3 361 361 360 )
	i( 3 358 362 362 )
	i( 3 357 357 356 )
	i( 3 358 359 359 )
	i( 3 353 353 352 )
	i( 3 354 355 355 )
	i( 3 349 349 348 )
	i( 3 350 351 351 )
	i( 3 345 345 344 )
	i( 3 346 347 347 )
	i( 3 341 341 340 )
	i( 3 342 343 343 )
	i( 3 337 337 336 )
	i( 3 338 339 339 )
	i( 3 330 330 329 )
	i( 3 331 332 332 )
	i( 3 123 123 122 )
	i( 3 8 7 8 )
	i( 3 6 329 333 )
	i( 3 333 326 326 )
	i( 3 325 327 328 )
	i( 3 328 127 127 )
	i( 3 126 2 1 )
	i( 3 2 0 325 )
	i( 3 335 335 322 )
	i( 3 322 321 323 )
	i( 3 324 324 125 )
	i( 3 125 124 5 )
	i( 3 4 5 3 )
	i( 3 321 334 334 )
	i( 3 318 318 317 )
	i( 3 319 320 320 )
	i( 3 315 315 314 )
	i( 3 311 316 316 )
	i( 3 312 312 311 )
	i( 3 309 313 313 )
	i( 3 308 308 307 )
	i( 3 309 310 310 )
	i( 3 304 304 303 )
	i( 3 305 306 306 )
	i( 3 300 300 299 )
	i( 3 301 302 302 )
	i( 3 296 296 295 )
	i( 3 297 298 298 )
	i( 3 292 292 291 )
	i( 3 293 294 294 )
	i( 3 66 66 68 )
	i( 3 70 71 79 )
	i( 3 80 80 83 )
	i( 3 83 83 80 )
	i( 3 82 79 81 )
	i( 3 79 78 70 )
	i( 3 69 66 65 )
	i( 3 66 63 66 )
	i( 3 67 67 63 )
	i( 3 63 63 64 )
	i( 3 65 65 68 )
	i( 3 68 73 71 )
	i( 3 76 80 84 )
	i( 3 83 86 86 )
	i( 3 66 66 67 )
	i( 3 68 72 73 )
	i( 3 74 73 75 )
	i( 3 76 77 84 )
	i( 3 85 86 87 )
	i( 3 87 54 54 )
	i( 3 53 19 18 )
	i( 3 20 52 51 )
	i( 3 51 104 104 )
	i( 3 105 106 106 )
	i( 3 101 101 101 )
	i( 3 105 102 104 )
	i( 3 102 116 115 )
	i( 3 109 114 108 )
	i( 3 114 111 113 )
	i( 3 112 112 98 )
	i( 3 98 103 97 )
	i( 3 114 113 113 )
	i( 3 103 103 103 )
	i( 3 98 102 98 )
	i( 3 101 98 100 )
	i( 3 98 99 97 )
	i( 3 96 94 95 )
	i( 3 112 121 121 )
	i( 3 108 108 107 )
	i( 3 109 110 116 )
	i( 3 117 118 119 )
	i( 3 106 120 120 )
	i( 3 55 55 55 )
	i( 3 56 23 21 )
	i( 3 22 57 58 )
	i( 3 58 59 59 )
	i( 3 59 60 26 )
	i( 3 24 25 61 )
	i( 1 62 )
	g( "mattBlack" )
	mt( "material/Pelle_nera" )
	ni( 259 5 )
	i( 3 36 36 35 )
	i( 3 37 38 38 )
	i( 3 441 441 441 )
	i( 3 442 443 23 )
	i( 3 23 177 177 )
	i( 3 178 179 180 )
	i( 3 180 437 437 )
	i( 3 437 257 180 )
	i( 3 217 217 221 )
	i( 3 221 217 222 )
	i( 3 223 223 262 )
	i( 3 262 257 263 )
	i( 3 264 264 215 )
	i( 3 215 214 216 )
	i( 3 217 217 214 )
	i( 3 214 218 219 )
	i( 3 220 220 42 )
	i( 3 42 42 160 )
	i( 3 161 162 162 )
	i( 3 40 40 40 )
	i( 3 39 41 42 )
	i( 3 42 204 204 )
	i( 3 204 205 203 )
	i( 3 200 202 201 )
	i( 3 201 172 172 )
	i( 3 173 171 174 )
	i( 3 176 175 175 )
	i( 3 244 244 244 )
	i( 3 243 245 243 )
	i( 3 240 242 241 )
	i( 3 241 32 32 )
	i( 3 32 31 33 )
	i( 3 34 34 28 )
	i( 3 28 27 29 )
	i( 3 30 30 181 )
	i( 3 181 30 182 )
	i( 3 183 183 284 )
	i( 3 284 26 285 )
	i( 3 286 286 281 )
	i( 3 281 20 282 )
	i( 3 283 283 278 )
	i( 3 278 277 279 )
	i( 3 280 280 274 )
	i( 3 274 273 275 )
	i( 3 276 276 270 )
	i( 3 270 269 271 )
	i( 3 272 272 266 )
	i( 3 266 265 267 )
	i( 3 268 268 259 )
	i( 3 259 258 260 )
	i( 3 261 261 255 )
	i( 3 255 254 256 )
	i( 3 257 257 251 )
	i( 3 251 250 252 )
	i( 3 253 253 247 )
	i( 3 247 246 248 )
	i( 3 249 249 237 )
	i( 3 237 236 238 )
	i( 3 239 239 233 )
	i( 3 233 232 234 )
	i( 3 235 235 229 )
	i( 3 229 228 230 )
	i( 3 231 231 225 )
	i( 3 225 224 226 )
	i( 3 227 227 211 )
	i( 3 211 210 212 )
	i( 3 213 213 207 )
	i( 3 207 206 208 )
	i( 3 209 209 197 )
	i( 3 197 196 198 )
	i( 3 199 199 193 )
	i( 3 193 192 194 )
	i( 3 195 195 189 )
	i( 3 189 188 190 )
	i( 3 191 191 185 )
	i( 3 185 184 186 )
	i( 3 187 187 168 )
	i( 3 168 167 169 )
	i( 3 170 170 164 )
	i( 3 164 163 165 )
	i( 3 166 166 157 )
	i( 3 157 156 158 )
	i( 3 159 159 48 )
	i( 3 48 47 49 )
	i( 3 50 50 44 )
	i( 3 44 43 45 )
	i( 1 46 )
}
