object( "object/displayCaseBox3" )
{
	l( 3.875 -3.38 1.69 )
	ra( 1.019 )
	fl( 1 )
	di( 0.02 1 0.195 )
	displayName( "Display Case" )
	pathSuffix( "DisplayCase" )
	tag( 0 )
	visible( 0 )
	vb( 576 288 0 0 0 )
	v( 0.02 1 0.195 )
	v( 0.02 1 -0.195 )
	v( -0.02 1 -0.195 )
	v( -0.02 1 0.195 )
	v( -0.02 -1 -0.195 )
	v( -0.02 -1 0.195 )
	v( -0.02 1 0.195 )
	v( -0.02 1 -0.195 )
	v( 0.02 -1 -0.195 )
	v( 0.02 -1 0.195 )
	v( -0.02 -1 0.195 )
	v( -0.02 -1 -0.195 )
	v( 0.02 1 -0.195 )
	v( 0.02 1 0.195 )
	v( 0.02 -1 -0.195 )
	v( 0.02 -1 0.195 )
	v( 0.02 1 0.195 )
	v( -0.02 1 0.195 )
	v( -0.02 -1 0.195 )
	v( 0.02 -1 0.195 )
	v( 0.02 1 -0.195 )
	v( 0.02 -1 -0.195 )
	v( -0.02 -1 -0.195 )
	v( -0.02 1 -0.195 )
	n( 0 1 0 )
	n( 0 1 0 )
	n( 0 1 0 )
	n( 0 1 0 )
	n( -1 0 0 )
	n( -1 0 0 )
	n( -1 0 0 )
	n( -1 0 0 )
	n( 0 -1 0 )
	n( 0 -1 0 )
	n( 0 -1 0 )
	n( 0 -1 0 )
	n( 1 0 0 )
	n( 1 0 0 )
	n( 1 0 0 )
	n( 1 0 0 )
	n( 0 0 1 )
	n( 0 0 1 )
	n( 0 0 1 )
	n( 0 0 1 )
	n( 0 0 -1 )
	n( 0 0 -1 )
	n( 0 0 -1 )
	n( 0 0 -1 )
	ng( 1 )
	g( "null" )
	ni( 36 4 )
	i( 3 0 1 2 )
	i( 3 0 2 3 )
	i( 3 4 5 6 )
	i( 3 4 6 7 )
	i( 3 8 9 10 )
	i( 3 8 10 11 )
	i( 3 12 13 14 )
	i( 3 13 15 14 )
	i( 3 16 17 18 )
	i( 3 16 18 19 )
	i( 3 20 21 22 )
	i( 3 20 22 23 )
}
