object( "object/displayCaseLeft" )
{
	l( 3.682 -2.373 1.28 )
	ra( 0.639 )
	di( 0.19 0.003 0.61 )
	vb( 640 240 0 480 0 )
	v( 0.19 0.003 0.61 )
	v( 0.19 0.003 -0.61 )
	v( -0.19 0.003 -0.61 )
	v( -0.19 0.003 0.61 )
	v( -0.19 -0.003 -0.61 )
	v( -0.19 -0.003 0.61 )
	v( -0.19 0.003 0.61 )
	v( -0.19 0.003 -0.61 )
	v( -0.19 -0.003 0.61 )
	v( -0.19 -0.003 -0.61 )
	v( 0.19 -0.003 -0.61 )
	v( 0.19 -0.003 0.61 )
	v( 0.19 0.003 0.61 )
	v( -0.19 0.003 0.61 )
	v( -0.19 -0.003 0.61 )
	v( 0.19 -0.003 0.61 )
	v( -0.19 -0.003 -0.61 )
	v( -0.19 0.003 -0.61 )
	v( 0.19 0.003 -0.61 )
	v( 0.19 -0.003 -0.61 )
	n( 0 1 0 )
	n( 0 1 0 )
	n( 0 1 0 )
	n( 0 1 0 )
	n( -1 0 0 )
	n( -1 0 0 )
	n( -1 0 0 )
	n( -1 0 0 )
	n( 0 -1 0 )
	n( 0 -1 0 )
	n( 0 -1 0 )
	n( 0 -1 0 )
	n( 0 0 1 )
	n( 0 0 1 )
	n( 0 0 1 )
	n( 0 0 1 )
	n( 0 0 -1 )
	n( 0 0 -1 )
	n( 0 0 -1 )
	n( 0 0 -1 )
	u0( 1 0 )
	u0( 0 1 )
	u0( 1 1 )
	u0( 1 0 )
	u0( 1 0 )
	u0( 0 1 )
	u0( 1 1 )
	u0( 1 0 )
	u0( 1 1 )
	u0( 1 0 )
	u0( 1 0 )
	u0( 0 1 )
	u0( 1 0 )
	u0( 0 1 )
	u0( 1 1 )
	u0( 1 0 )
	u0( 1 1 )
	u0( 1 0 )
	u0( 1 0 )
	u0( 0 1 )
	ng( 1 )
	g( "glass" )
	mt( "material/glassDoor" )
	ni( 29 5 )
	i( 3 1 1 0 )
	i( 3 2 3 3 )
	i( 3 5 5 4 )
	i( 3 6 7 7 )
	i( 3 9 9 8 )
	i( 3 10 11 11 )
	i( 3 13 13 12 )
	i( 3 14 15 15 )
	i( 3 17 17 16 )
	i( 2 18 19 )
}
