object( "object/floor" )
{
	l( 3.094 -0.985 -1.189 )
	ra( 9.306 )
	fl( 1 )
	di( 6.654 6.429 1 )
	isWorld( 1 )
	visible( 0 )
	vb( 576 288 0 0 0 )
	v( 6.654 6.429 1 )
	v( 6.654 6.429 -1 )
	v( -6.654 6.429 1 )
	v( -6.654 6.429 -1 )
	v( -6.654 -6.429 -1 )
	v( -6.654 -6.429 1 )
	v( -6.654 6.429 1 )
	v( -6.654 6.429 -1 )
	v( 6.654 -6.429 -1 )
	v( 6.654 -6.429 1 )
	v( -6.654 -6.429 -1 )
	v( -6.654 -6.429 1 )
	v( 6.654 6.429 -1 )
	v( 6.654 6.429 1 )
	v( 6.654 -6.429 -1 )
	v( 6.654 -6.429 1 )
	v( 6.654 6.429 1 )
	v( -6.654 6.429 1 )
	v( 6.654 -6.429 1 )
	v( -6.654 -6.429 1 )
	v( 6.654 6.429 -1 )
	v( 6.654 -6.429 -1 )
	v( -6.654 -6.429 -1 )
	v( -6.654 6.429 -1 )
	n( 0 1 0 )
	n( 0 1 0 )
	n( 0 1 0 )
	n( 0 1 0 )
	n( -1 0 0 )
	n( -1 0 0 )
	n( -1 0 0 )
	n( -1 0 0 )
	n( 0 -1 0 )
	n( 0 -1 0 )
	n( 0 -1 0 )
	n( 0 -1 0 )
	n( 1 0 0 )
	n( 1 0 0 )
	n( 1 0 0 )
	n( 1 0 0 )
	n( 0 0 1 )
	n( 0 0 1 )
	n( 0 0 1 )
	n( 0 0 1 )
	n( 0 0 -1 )
	n( 0 0 -1 )
	n( 0 0 -1 )
	n( 0 0 -1 )
	ng( 1 )
	g( "null" )
	ni( 35 5 )
	i( 3 0 1 2 )
	i( 3 3 3 16 )
	i( 3 16 17 18 )
	i( 3 19 19 12 )
	i( 3 12 13 14 )
	i( 3 15 15 8 )
	i( 3 8 9 10 )
	i( 3 11 11 5 )
	i( 3 5 5 4 )
	i( 3 6 7 7 )
	i( 3 21 21 20 )
	i( 2 22 23 )
}
