object( "object/handle2" )
{
	l( -0.636 4.832 1.065 )
	s( 0.1 0.1 0.1 )
	ra( 0.115 )
	di( 1.1 0.305 0.1 )
	vb( 576 288 0 0 0 )
	v( 0.9 0.305 -0.1 )
	v( 0.8 -0.105 -0.1 )
	v( 0.8 -0.105 0.1 )
	v( 0.9 0.305 0.1 )
	v( -0.9 0.305 -0.1 )
	v( -0.9 0.305 0.1 )
	v( -0.8 -0.105 0.1 )
	v( -0.8 -0.105 -0.1 )
	v( -1 -0.105 0.1 )
	v( -0.9 -0.205 0.1 )
	v( -0.8 -0.305 0.1 )
	v( -1.1 0.305 0.1 )
	v( 0.8 -0.305 0.1 )
	v( 0.9 -0.205 0.1 )
	v( 1 -0.105 0.1 )
	v( 1.1 0.305 0.1 )
	v( -1 -0.105 -0.1 )
	v( -1.1 0.305 -0.1 )
	v( -0.9 -0.205 -0.1 )
	v( -0.8 -0.305 -0.1 )
	v( 0.8 -0.305 -0.1 )
	v( 1.1 0.305 -0.1 )
	v( 1 -0.105 -0.1 )
	v( 0.9 -0.205 -0.1 )
	n( -0.687 0.167 -0.707 )
	n( -0.191 0.046 -0.981 )
	n( -0.434 0.106 0.894 )
	n( -0.434 0.106 0.894 )
	n( 0.687 0.167 -0.707 )
	n( 0.434 0.106 0.894 )
	n( 0.361 0.088 0.928 )
	n( 0.236 0.057 -0.97 )
	n( -0.635 -0.283 0.719 )
	n( -0.588 -0.588 0.555 )
	n( -0.411 -0.702 0.581 )
	n( -0.687 -0.167 0.707 )
	n( 0.172 -0.66 0.731 )
	n( 0.588 -0.588 0.555 )
	n( 0.572 -0.396 0.719 )
	n( 0.869 -0.212 0.447 )
	n( -0.572 -0.396 -0.719 )
	n( -0.869 -0.212 -0.447 )
	n( -0.588 -0.588 -0.555 )
	n( -0.172 -0.66 -0.731 )
	n( 0.411 -0.702 -0.581 )
	n( 0.687 -0.167 -0.707 )
	n( 0.635 -0.283 -0.719 )
	n( 0.588 -0.588 -0.555 )
	ng( 1 )
	g( "null" )
	mt( "material/blackMetalShelfMa" )
	ni( 67 5 )
	i( 3 16 17 4 )
	i( 3 4 16 16 )
	i( 3 16 8 17 )
	i( 3 8 11 8 )
	i( 3 5 6 4 )
	i( 3 7 16 7 )
	i( 3 18 7 19 )
	i( 3 1 1 8 )
	i( 3 8 9 6 )
	i( 3 10 6 12 )
	i( 3 2 13 14 )
	i( 3 14 22 22 )
	i( 3 22 14 23 )
	i( 3 13 20 12 )
	i( 3 19 10 18 )
	i( 3 9 16 8 )
	i( 3 8 19 19 )
	i( 3 1 20 1 )
	i( 3 23 1 22 )
	i( 3 0 22 21 )
	i( 3 22 15 14 )
	i( 3 3 2 0 )
	i( 1 1 )
}
