object( "object/hatRack" )
{
	l( 3.174 4.676 0.759 )
	ra( 1.034 )
	di( 0.248 0.248 0.973 )
	vb( 12648 6324 0 0 0 )
	v( -0.163 0.059 -0.937 )
	v( -0.172 0.002 -0.937 )
	v( -0.046 -0.002 -0.928 )
	v( 0.155 0.184 -0.947 )
	v( 0.112 0.218 -0.948 )
	v( 0.086 0.152 -0.937 )
	v( -0.043 0.239 -0.947 )
	v( -0.095 0.222 -0.947 )
	v( -0.055 0.164 -0.937 )
	v( -0.016 0.248 -0.973 )
	v( 0.038 0.239 -0.948 )
	v( -0.183 0.168 -0.973 )
	v( -0.192 0.152 -0.949 )
	v( -0.15 0.191 -0.948 )
	v( -0.248 -0.018 -0.973 )
	v( -0.235 -0.059 -0.948 )
	v( -0.24 0.026 -0.948 )
	v( -0.227 -0.107 -0.973 )
	v( -0.078 -0.239 -0.973 )
	v( -0.026 -0.241 -0.948 )
	v( -0.111 -0.217 -0.947 )
	v( 0.148 -0.202 -0.973 )
	v( 0.162 -0.182 -0.947 )
	v( 0.102 -0.221 -0.948 )
	v( 0.171 0.183 -0.972 )
	v( 0.202 0.14 -0.948 )
	v( 0.038 -0.114 0.862 )
	v( 0.036 -0.136 0.848 )
	v( 0.016 -0.128 0.862 )
	v( 0.022 -0.153 0.862 )
	v( 0.015 -0.142 0.884 )
	v( 0.05 -0.119 0.884 )
	v( 0.057 -0.144 0.884 )
	v( 0.058 -0.13 0.862 )
	v( 0.024 -0.117 0.884 )
	v( 0.036 -0.136 0.898 )
	v( -0.116 0.023 0.862 )
	v( -0.135 0.036 0.848 )
	v( -0.118 0.05 0.862 )
	v( -0.143 0.056 0.862 )
	v( -0.129 0.057 0.884 )
	v( -0.127 0.015 0.884 )
	v( -0.152 0.022 0.884 )
	v( -0.141 0.014 0.862 )
	v( -0.113 0.037 0.884 )
	v( -0.135 0.036 0.898 )
	v( 0.121 0.095 0.862 )
	v( 0.099 0.098 0.848 )
	v( 0.109 0.118 0.862 )
	v( 0.103 0.076 0.862 )
	v( 0.115 0.083 0.884 )
	v( 0.077 0.102 0.884 )
	v( 0.096 0.12 0.884 )
	v( 0.083 0.114 0.862 )
	v( 0.119 0.108 0.884 )
	v( 0.099 0.098 0.898 )
	v( -0.018 -0.018 0.973 )
	v( 0 -0.026 0.973 )
	v( 0 -0.001 0.973 )
	v( 0.025 -0.001 0.973 )
	v( 0.018 0.017 0.973 )
	v( 0.106 -0.054 0.662 )
	v( 0.121 -0.071 0.648 )
	v( 0.101 -0.08 0.662 )
	v( 0.124 -0.093 0.662 )
	v( 0.11 -0.09 0.684 )
	v( 0.119 -0.048 0.684 )
	v( 0.142 -0.062 0.684 )
	v( 0.133 -0.051 0.662 )
	v( 0.136 -0.087 0.684 )
	v( 0.121 -0.071 0.698 )
	v( -0.142 -0.062 0.662 )
	v( -0.121 -0.071 0.648 )
	v( -0.136 -0.087 0.662 )
	v( -0.119 -0.048 0.662 )
	v( -0.132 -0.051 0.684 )
	v( -0.101 -0.08 0.684 )
	v( -0.123 -0.093 0.684 )
	v( -0.11 -0.09 0.662 )
	v( -0.106 -0.054 0.684 )
	v( -0.121 -0.071 0.698 )
	v( 0.018 0.152 0.662 )
	v( 0 0.139 0.648 )
	v( -0.007 0.161 0.662 )
	v( 0.018 0.126 0.662 )
	v( 0.023 0.139 0.684 )
	v( -0.018 0.126 0.684 )
	v( -0.018 0.152 0.684 )
	v( -0.022 0.139 0.662 )
	v( 0.007 0.118 0.684 )
	v( 0 0.139 0.698 )
	v( 0.038 -0.114 0.462 )
	v( 0.036 -0.136 0.448 )
	v( 0.016 -0.128 0.462 )
	v( 0.022 -0.153 0.462 )
	v( 0.015 -0.142 0.484 )
	v( 0.05 -0.119 0.484 )
	v( 0.057 -0.144 0.484 )
	v( 0.058 -0.13 0.462 )
	v( 0.024 -0.117 0.484 )
	v( 0.036 -0.136 0.498 )
	v( -0.116 0.023 0.462 )
	v( -0.135 0.036 0.448 )
	v( -0.118 0.05 0.462 )
	v( -0.143 0.056 0.462 )
	v( -0.129 0.057 0.484 )
	v( -0.127 0.015 0.484 )
	v( -0.152 0.022 0.484 )
	v( -0.141 0.014 0.462 )
	v( -0.113 0.037 0.484 )
	v( -0.135 0.036 0.498 )
	v( 0.121 0.095 0.462 )
	v( 0.099 0.098 0.448 )
	v( 0.109 0.118 0.462 )
	v( 0.103 0.076 0.462 )
	v( 0.115 0.083 0.484 )
	v( 0.077 0.102 0.484 )
	v( 0.096 0.12 0.484 )
	v( 0.083 0.114 0.462 )
	v( 0.119 0.108 0.484 )
	v( 0.099 0.098 0.498 )
	v( 0.025 -0.001 0.373 )
	v( 0.018 0.017 0.373 )
	v( 0.018 0.017 0.573 )
	v( 0.025 -0.001 0.573 )
	v( 0 0.024 0.573 )
	v( 0 0.024 0.373 )
	v( -0.018 0.017 0.573 )
	v( -0.018 0.017 0.373 )
	v( -0.025 -0.001 0.573 )
	v( -0.025 -0.001 0.373 )
	v( -0.018 -0.018 0.573 )
	v( -0.018 -0.018 0.373 )
	v( 0.018 -0.018 0.573 )
	v( 0 -0.026 0.573 )
	v( 0 -0.026 0.373 )
	v( 0.018 -0.018 0.373 )
	v( -0.018 0.017 0.773 )
	v( 0 0.024 0.773 )
	v( -0.025 -0.001 0.773 )
	v( -0.018 -0.018 0.773 )
	v( 0.025 -0.001 0.773 )
	v( 0.018 -0.018 0.773 )
	v( 0.018 0.017 0.773 )
	v( -0.025 -0.001 0.973 )
	v( -0.018 0.017 0.973 )
	v( 0 -0.026 0.773 )
	v( 0.018 -0.018 0.973 )
	v( 0.018 0.017 -0.927 )
	v( 0 0.024 -0.927 )
	v( -0.018 0.017 -0.927 )
	v( -0.025 -0.001 -0.927 )
	v( -0.018 -0.018 -0.927 )
	v( 0 -0.026 -0.927 )
	v( 0.018 -0.018 -0.927 )
	v( 0.025 -0.001 -0.927 )
	v( -0.223 0.1 -0.948 )
	v( -0.135 0.108 -0.937 )
	v( 0.213 -0.122 -0.947 )
	v( 0.121 -0.118 -0.937 )
	v( 0.157 -0.075 -0.937 )
	v( 0.087 -0.054 -0.319 )
	v( 0.104 -0.08 -0.319 )
	v( 0.104 -0.08 -0.919 )
	v( 0.087 -0.054 -0.919 )
	v( 0.11 -0.111 -0.319 )
	v( 0.11 -0.111 -0.919 )
	v( 0.104 -0.141 -0.319 )
	v( 0.104 -0.141 -0.919 )
	v( 0.087 -0.167 -0.319 )
	v( 0.087 -0.167 -0.919 )
	v( 0.061 -0.185 -0.319 )
	v( 0.061 -0.185 -0.919 )
	v( 0.03 -0.191 -0.319 )
	v( 0.03 -0.191 -0.919 )
	v( 0 -0.185 -0.319 )
	v( 0 -0.185 -0.919 )
	v( -0.026 -0.167 -0.319 )
	v( -0.026 -0.167 -0.919 )
	v( -0.044 -0.141 -0.319 )
	v( -0.044 -0.141 -0.919 )
	v( -0.05 -0.111 -0.319 )
	v( -0.05 -0.111 -0.919 )
	v( -0.044 -0.08 -0.319 )
	v( -0.044 -0.08 -0.919 )
	v( -0.026 -0.054 -0.319 )
	v( -0.026 -0.054 -0.919 )
	v( 0 -0.037 -0.319 )
	v( 0 -0.037 -0.919 )
	v( 0.03 -0.031 -0.319 )
	v( 0.03 -0.031 -0.919 )
	v( 0.061 -0.037 -0.319 )
	v( 0.061 -0.037 -0.919 )
	v( -0.001 -0.022 0.81 )
	v( -0.004 -0.023 0.803 )
	v( 0.017 -0.089 0.81 )
	v( 0.014 -0.09 0.803 )
	v( -0.001 -0.022 0.796 )
	v( 0.017 -0.089 0.796 )
	v( 0.005 -0.02 0.793 )
	v( 0.023 -0.088 0.793 )
	v( 0.012 -0.018 0.796 )
	v( 0.03 -0.086 0.796 )
	v( 0.033 -0.085 0.803 )
	v( 0.015 -0.017 0.803 )
	v( 0.012 -0.018 0.81 )
	v( 0.03 -0.086 0.81 )
	v( 0.005 -0.02 0.813 )
	v( 0.023 -0.088 0.813 )
	v( 0.024 -0.116 0.818 )
	v( 0.022 -0.122 0.813 )
	v( 0.026 -0.126 0.808 )
	v( 0.034 -0.126 0.806 )
	v( 0.04 -0.122 0.808 )
	v( 0.042 -0.117 0.813 )
	v( 0.038 -0.113 0.818 )
	v( 0.03 -0.113 0.82 )
	v( 0.027 -0.138 0.861 )
	v( 0.028 -0.133 0.866 )
	v( 0.031 -0.143 0.859 )
	v( 0.038 -0.143 0.857 )
	v( 0.045 -0.139 0.859 )
	v( 0.046 -0.133 0.861 )
	v( 0.042 -0.129 0.866 )
	v( 0.035 -0.129 0.868 )
	v( -0.017 0.011 0.81 )
	v( -0.017 0.014 0.803 )
	v( -0.084 0.032 0.803 )
	v( -0.085 0.029 0.81 )
	v( -0.017 0.011 0.796 )
	v( -0.085 0.029 0.796 )
	v( -0.019 0.005 0.793 )
	v( -0.087 0.023 0.793 )
	v( -0.021 -0.002 0.796 )
	v( -0.089 0.016 0.796 )
	v( -0.089 0.013 0.803 )
	v( -0.022 -0.005 0.803 )
	v( -0.021 -0.002 0.81 )
	v( -0.089 0.016 0.81 )
	v( -0.019 0.005 0.813 )
	v( -0.087 0.023 0.813 )
	v( -0.112 0.037 0.818 )
	v( -0.116 0.041 0.813 )
	v( -0.122 0.039 0.808 )
	v( -0.125 0.033 0.806 )
	v( -0.125 0.026 0.808 )
	v( -0.121 0.022 0.813 )
	v( -0.116 0.023 0.818 )
	v( -0.112 0.029 0.82 )
	v( -0.132 0.045 0.861 )
	v( -0.128 0.041 0.866 )
	v( -0.138 0.044 0.859 )
	v( -0.142 0.037 0.857 )
	v( -0.142 0.03 0.859 )
	v( -0.138 0.026 0.861 )
	v( -0.132 0.027 0.866 )
	v( -0.128 0.034 0.868 )
	v( 0 0.024 0.973 )
	v( 0.019 0.008 0.81 )
	v( 0.021 0.006 0.803 )
	v( 0.069 0.058 0.81 )
	v( 0.071 0.056 0.803 )
	v( 0.019 0.008 0.796 )
	v( 0.069 0.058 0.796 )
	v( 0.014 0.013 0.793 )
	v( 0.064 0.063 0.793 )
	v( 0.009 0.018 0.796 )
	v( 0.059 0.068 0.796 )
	v( 0.007 0.021 0.803 )
	v( 0.057 0.07 0.803 )
	v( 0.059 0.068 0.81 )
	v( 0.009 0.018 0.81 )
	v( 0.014 0.013 0.813 )
	v( 0.064 0.063 0.813 )
	v( 0.089 0.078 0.818 )
	v( 0.094 0.079 0.813 )
	v( 0.096 0.085 0.808 )
	v( 0.092 0.091 0.806 )
	v( 0.086 0.095 0.808 )
	v( 0.08 0.093 0.813 )
	v( 0.079 0.088 0.818 )
	v( 0.082 0.081 0.82 )
	v( 0.106 0.091 0.861 )
	v( 0.101 0.09 0.866 )
	v( 0.108 0.097 0.859 )
	v( 0.104 0.103 0.857 )
	v( 0.098 0.107 0.859 )
	v( 0.092 0.105 0.861 )
	v( 0.091 0.1 0.866 )
	v( 0.094 0.093 0.868 )
	v( 0.014 -0.017 0.61 )
	v( 0.012 -0.019 0.603 )
	v( 0.073 -0.054 0.603 )
	v( 0.075 -0.052 0.61 )
	v( 0.014 -0.017 0.596 )
	v( 0.075 -0.052 0.596 )
	v( 0.017 -0.011 0.593 )
	v( 0.078 -0.046 0.593 )
	v( 0.021 -0.005 0.596 )
	v( 0.082 -0.04 0.596 )
	v( 0.022 -0.002 0.603 )
	v( 0.083 -0.037 0.603 )
	v( 0.021 -0.005 0.61 )
	v( 0.082 -0.04 0.61 )
	v( 0.017 -0.011 0.613 )
	v( 0.078 -0.046 0.613 )
	v( 0.099 -0.066 0.618 )
	v( 0.102 -0.071 0.613 )
	v( 0.107 -0.071 0.608 )
	v( 0.113 -0.066 0.606 )
	v( 0.115 -0.059 0.608 )
	v( 0.112 -0.053 0.613 )
	v( 0.106 -0.054 0.618 )
	v( 0.101 -0.059 0.62 )
	v( 0.116 -0.079 0.661 )
	v( 0.114 -0.074 0.666 )
	v( 0.122 -0.079 0.659 )
	v( 0.128 -0.074 0.657 )
	v( 0.129 -0.067 0.659 )
	v( 0.126 -0.062 0.661 )
	v( 0.121 -0.062 0.666 )
	v( 0.115 -0.067 0.668 )
	v( -0.021 -0.005 0.61 )
	v( -0.022 -0.002 0.603 )
	v( -0.083 -0.037 0.603 )
	v( -0.081 -0.04 0.61 )
	v( -0.021 -0.005 0.596 )
	v( -0.081 -0.04 0.596 )
	v( -0.017 -0.011 0.593 )
	v( -0.078 -0.046 0.593 )
	v( -0.014 -0.017 0.596 )
	v( -0.074 -0.052 0.596 )
	v( -0.012 -0.019 0.603 )
	v( -0.073 -0.054 0.603 )
	v( -0.014 -0.017 0.61 )
	v( -0.074 -0.052 0.61 )
	v( -0.017 -0.011 0.613 )
	v( -0.078 -0.046 0.613 )
	v( -0.106 -0.054 0.618 )
	v( -0.111 -0.053 0.613 )
	v( -0.114 -0.059 0.608 )
	v( -0.112 -0.066 0.606 )
	v( -0.107 -0.071 0.608 )
	v( -0.101 -0.071 0.613 )
	v( -0.098 -0.066 0.618 )
	v( -0.1 -0.059 0.62 )
	v( -0.126 -0.062 0.661 )
	v( -0.12 -0.062 0.666 )
	v( -0.129 -0.067 0.659 )
	v( -0.127 -0.074 0.657 )
	v( -0.122 -0.079 0.659 )
	v( -0.116 -0.079 0.661 )
	v( -0.113 -0.074 0.666 )
	v( -0.115 -0.067 0.668 )
	v( 0.007 0.019 0.61 )
	v( 0.01 0.019 0.603 )
	v( 0.01 0.089 0.603 )
	v( 0.007 0.089 0.61 )
	v( 0.007 0.019 0.596 )
	v( 0.007 0.089 0.596 )
	v( 0 0.019 0.593 )
	v( 0 0.089 0.593 )
	v( -0.007 0.019 0.596 )
	v( -0.007 0.089 0.596 )
	v( -0.01 0.019 0.603 )
	v( -0.01 0.089 0.603 )
	v( -0.007 0.019 0.61 )
	v( -0.007 0.089 0.61 )
	v( 0 0.019 0.613 )
	v( 0 0.089 0.613 )
	v( 0.007 0.117 0.618 )
	v( 0.01 0.122 0.613 )
	v( 0.007 0.127 0.608 )
	v( 0 0.129 0.606 )
	v( -0.007 0.127 0.608 )
	v( -0.01 0.122 0.613 )
	v( -0.007 0.117 0.618 )
	v( 0 0.115 0.62 )
	v( 0.01 0.139 0.661 )
	v( 0.007 0.134 0.666 )
	v( 0.007 0.144 0.659 )
	v( 0 0.146 0.657 )
	v( -0.007 0.144 0.659 )
	v( -0.01 0.139 0.661 )
	v( -0.007 0.134 0.666 )
	v( 0 0.132 0.668 )
	v( -0.001 -0.022 0.41 )
	v( -0.004 -0.023 0.403 )
	v( 0.014 -0.09 0.403 )
	v( 0.017 -0.089 0.41 )
	v( -0.001 -0.022 0.396 )
	v( 0.017 -0.089 0.396 )
	v( 0.023 -0.088 0.393 )
	v( 0.005 -0.02 0.393 )
	v( 0.012 -0.018 0.396 )
	v( 0.03 -0.086 0.396 )
	v( 0.015 -0.017 0.403 )
	v( 0.033 -0.085 0.403 )
	v( 0.012 -0.018 0.41 )
	v( 0.03 -0.086 0.41 )
	v( 0.005 -0.02 0.413 )
	v( 0.023 -0.088 0.413 )
	v( 0.024 -0.116 0.418 )
	v( 0.022 -0.122 0.413 )
	v( 0.026 -0.126 0.408 )
	v( 0.034 -0.126 0.406 )
	v( 0.04 -0.122 0.408 )
	v( 0.042 -0.117 0.413 )
	v( 0.038 -0.113 0.418 )
	v( 0.03 -0.113 0.42 )
	v( 0.027 -0.138 0.461 )
	v( 0.028 -0.133 0.466 )
	v( 0.031 -0.143 0.459 )
	v( 0.038 -0.143 0.457 )
	v( 0.045 -0.139 0.459 )
	v( 0.046 -0.133 0.461 )
	v( 0.042 -0.129 0.466 )
	v( 0.035 -0.129 0.468 )
	v( -0.017 0.011 0.41 )
	v( -0.017 0.014 0.403 )
	v( -0.084 0.032 0.403 )
	v( -0.085 0.029 0.41 )
	v( -0.017 0.011 0.396 )
	v( -0.085 0.029 0.396 )
	v( -0.019 0.005 0.393 )
	v( -0.087 0.023 0.393 )
	v( -0.021 -0.002 0.396 )
	v( -0.089 0.016 0.396 )
	v( -0.089 0.013 0.403 )
	v( -0.022 -0.005 0.403 )
	v( -0.021 -0.002 0.41 )
	v( -0.089 0.016 0.41 )
	v( -0.019 0.005 0.413 )
	v( -0.087 0.023 0.413 )
	v( -0.112 0.037 0.418 )
	v( -0.116 0.041 0.413 )
	v( -0.122 0.039 0.408 )
	v( -0.125 0.033 0.406 )
	v( -0.125 0.026 0.408 )
	v( -0.121 0.022 0.413 )
	v( -0.116 0.023 0.418 )
	v( -0.112 0.029 0.42 )
	v( -0.132 0.045 0.461 )
	v( -0.128 0.041 0.466 )
	v( -0.138 0.044 0.459 )
	v( -0.142 0.037 0.457 )
	v( -0.142 0.03 0.459 )
	v( -0.138 0.026 0.461 )
	v( -0.132 0.027 0.466 )
	v( -0.128 0.034 0.468 )
	v( 0.019 0.008 0.41 )
	v( 0.021 0.006 0.403 )
	v( 0.071 0.056 0.403 )
	v( 0.069 0.058 0.41 )
	v( 0.019 0.008 0.396 )
	v( 0.069 0.058 0.396 )
	v( 0.014 0.013 0.393 )
	v( 0.064 0.063 0.393 )
	v( 0.009 0.018 0.396 )
	v( 0.059 0.068 0.396 )
	v( 0.007 0.021 0.403 )
	v( 0.057 0.07 0.403 )
	v( 0.009 0.018 0.41 )
	v( 0.059 0.068 0.41 )
	v( 0.014 0.013 0.413 )
	v( 0.064 0.063 0.413 )
	v( 0.089 0.078 0.418 )
	v( 0.094 0.079 0.413 )
	v( 0.096 0.085 0.408 )
	v( 0.092 0.091 0.406 )
	v( 0.086 0.095 0.408 )
	v( 0.08 0.093 0.413 )
	v( 0.079 0.088 0.418 )
	v( 0.082 0.081 0.42 )
	v( 0.106 0.091 0.461 )
	v( 0.101 0.09 0.466 )
	v( 0.108 0.097 0.459 )
	v( 0.104 0.103 0.457 )
	v( 0.098 0.107 0.459 )
	v( 0.092 0.105 0.461 )
	v( 0.091 0.1 0.466 )
	v( 0.094 0.093 0.468 )
	v( 0.089 0.078 0.484 )
	v( 0.079 0.088 0.462 )
	v( -0.154 0.048 0.484 )
	v( -0.157 0.034 0.462 )
	v( 0.035 -0.158 0.484 )
	v( 0.049 -0.155 0.462 )
	v( 0.007 0.161 0.684 )
	v( -0.007 0.118 0.662 )
	v( -0.143 -0.075 0.684 )
	v( -0.099 -0.066 0.662 )
	v( 0.1 -0.066 0.684 )
	v( 0.143 -0.075 0.662 )
	v( 0.089 0.078 0.884 )
	v( 0.079 0.088 0.862 )
	v( -0.154 0.048 0.884 )
	v( -0.157 0.034 0.862 )
	v( 0.035 -0.158 0.884 )
	v( 0.049 -0.155 0.862 )
	v( 0.007 0.171 -0.937 )
	v( -0.156 -0.072 -0.937 )
	v( -0.205 -0.13 -0.947 )
	v( -0.115 -0.133 -0.937 )
	v( -0.164 -0.182 -0.948 )
	v( 0.248 -0.023 -0.973 )
	v( 0.237 0.081 -0.972 )
	v( 0.241 -0.015 -0.949 )
	v( 0.224 0.088 -0.947 )
	v( -0.168 -0.186 -0.972 )
	v( 0.02 0.041 -0.928 )
	v( 0.147 0.095 -0.937 )
	v( 0.162 0.034 -0.937 )
	v( -0.058 -0.156 -0.937 )
	v( -0.006 -0.174 -0.937 )
	v( 0.043 -0.169 -0.937 )
	v( 0.028 -0.04 -0.928 )
	v( 0.222 -0.12 -0.972 )
	v( 0.233 -0.071 -0.948 )
	v( 0.171 -0.028 -0.937 )
	v( 0.027 -0.241 -0.947 )
	v( 0.048 -0.248 -0.972 )
	v( -0.109 0.226 -0.972 )
	v( -0.236 0.091 -0.972 )
	v( 0.087 0.232 -0.973 )
	v( 0.087 -0.151 -0.937 )
	v( -0.094 0.137 -0.937 )
	n( -0.098 0.033 0.995 )
	n( -0.123 -0.001 0.992 )
	n( -0.05 -0.008 0.999 )
	n( 0.348 0.401 0.847 )
	n( 0.358 0.687 0.633 )
	n( 0.055 0.109 0.992 )
	n( -0.115 0.653 0.748 )
	n( -0.215 0.482 0.849 )
	n( -0.035 0.107 0.994 )
	n( -0.025 0.986 0.166 )
	n( 0.101 0.67 0.736 )
	n( -0.709 0.693 0.129 )
	n( -0.628 0.481 0.612 )
	n( -0.41 0.53 0.742 )
	n( -0.974 -0.06 0.217 )
	n( -0.63 -0.142 0.763 )
	n( -0.645 0.062 0.761 )
	n( -0.891 -0.4 0.217 )
	n( -0.284 -0.94 0.188 )
	n( -0.082 -0.663 0.744 )
	n( -0.296 -0.595 0.747 )
	n( 0.566 -0.803 0.186 )
	n( 0.46 -0.494 0.738 )
	n( 0.266 -0.594 0.759 )
	n( 0.666 0.729 0.159 )
	n( 0.64 0.431 0.636 )
	n( 0.047 0.893 -0.447 )
	n( 0 0 -1 )
	n( -0.835 0.321 -0.447 )
	n( -0.563 -0.695 -0.447 )
	n( -0.864 -0.231 0.447 )
	n( 0.563 0.695 0.447 )
	n( 0.835 -0.321 0.447 )
	n( 0.864 0.231 -0.447 )
	n( -0.487 0.75 0.447 )
	n( 0 0 1 )
	n( 0.75 -0.487 -0.447 )
	n( 0 0 -1 )
	n( 0.695 0.563 -0.447 )
	n( -0.321 0.835 -0.447 )
	n( 0.231 0.864 0.447 )
	n( 0.321 -0.835 0.447 )
	n( -0.695 -0.563 0.447 )
	n( -0.231 -0.864 -0.447 )
	n( 0.893 0.047 0.447 )
	n( 0 0 1 )
	n( 0.883 -0.14 -0.447 )
	n( 0 0 -1 )
	n( 0.406 0.797 -0.447 )
	n( 0.14 -0.883 -0.447 )
	n( 0.632 -0.632 0.447 )
	n( -0.883 0.14 0.447 )
	n( -0.14 0.883 0.447 )
	n( -0.632 0.632 -0.447 )
	n( 0.797 0.406 0.447 )
	n( 0 0 1 )
	n( -0.649 -0.491 0.581 )
	n( -0.111 -0.806 0.581 )
	n( 0 0 1 )
	n( 0.806 -0.111 0.581 )
	n( 0.649 0.491 0.581 )
	n( -0.598 0.665 -0.447 )
	n( 0 0 -1 )
	n( -0.817 -0.364 -0.447 )
	n( 0.093 -0.89 -0.447 )
	n( -0.447 -0.775 0.447 )
	n( -0.093 0.89 0.447 )
	n( 0.817 0.364 0.447 )
	n( 0.447 0.775 -0.447 )
	n( 0.598 -0.665 0.447 )
	n( 0 0 1 )
	n( -0.817 0.364 -0.447 )
	n( 0 0 -1 )
	n( -0.598 -0.665 -0.447 )
	n( 0.093 0.89 -0.447 )
	n( -0.447 0.775 0.447 )
	n( 0.817 -0.364 0.447 )
	n( -0.093 -0.89 0.447 )
	n( 0.447 -0.775 -0.447 )
	n( 0.598 0.665 0.447 )
	n( 0 0 1 )
	n( 0.724 0.526 -0.447 )
	n( 0 0 -1 )
	n( -0.276 0.851 -0.447 )
	n( 0.724 -0.526 -0.447 )
	n( 0.894 0 0.447 )
	n( -0.724 -0.526 0.447 )
	n( -0.724 0.526 0.447 )
	n( -0.894 0 -0.447 )
	n( 0.276 -0.851 0.447 )
	n( 0 0 1 )
	n( 0.047 0.893 -0.447 )
	n( 0 0 -1 )
	n( -0.835 0.321 -0.447 )
	n( -0.563 -0.695 -0.447 )
	n( -0.864 -0.231 0.447 )
	n( 0.563 0.695 0.447 )
	n( 0.835 -0.321 0.447 )
	n( 0.864 0.231 -0.447 )
	n( -0.487 0.75 0.447 )
	n( 0 0 1 )
	n( 0.75 -0.487 -0.447 )
	n( 0 0 -1 )
	n( 0.695 0.563 -0.447 )
	n( -0.321 0.835 -0.447 )
	n( 0.231 0.864 0.447 )
	n( 0.321 -0.835 0.447 )
	n( -0.695 -0.563 0.447 )
	n( -0.231 -0.864 -0.447 )
	n( 0.893 0.047 0.447 )
	n( 0 0 1 )
	n( 0.883 -0.14 -0.447 )
	n( 0 0 -1 )
	n( 0.406 0.797 -0.447 )
	n( 0.14 -0.883 -0.447 )
	n( 0.632 -0.632 0.447 )
	n( -0.883 0.14 0.447 )
	n( -0.14 0.883 0.447 )
	n( -0.632 0.632 -0.447 )
	n( 0.797 0.406 0.447 )
	n( 0 0 1 )
	n( 1 0 0 )
	n( 0.707 0.707 0 )
	n( 0.707 0.707 0 )
	n( 1 0 0 )
	n( 0 1 0 )
	n( 0 1 0 )
	n( -0.707 0.707 0 )
	n( -0.707 0.707 0 )
	n( -1 0 0 )
	n( -1 0 0 )
	n( -0.707 -0.707 0 )
	n( -0.707 -0.707 0 )
	n( 0.707 -0.707 0 )
	n( 0 -1 0 )
	n( 0 -1 0 )
	n( 0.707 -0.707 0 )
	n( -0.707 0.707 0 )
	n( 0 1 0 )
	n( -1 0 0 )
	n( -0.707 -0.707 0 )
	n( 1 0 0 )
	n( 0.707 -0.707 0 )
	n( 0.707 0.707 0 )
	n( -0.806 0.111 0.581 )
	n( -0.491 0.649 0.581 )
	n( 0 -1 0 )
	n( 0.491 -0.649 0.581 )
	n( 0.604 0.797 0 )
	n( -0.137 0.991 0 )
	n( -0.797 0.604 0 )
	n( -0.991 -0.137 0 )
	n( -0.604 -0.797 0 )
	n( 0.137 -0.991 0 )
	n( 0.797 -0.604 0 )
	n( 0.991 0.137 0 )
	n( -0.496 0.212 0.842 )
	n( -0.1 0.079 0.992 )
	n( 0.482 -0.283 0.829 )
	n( 0.061 -0.058 0.996 )
	n( 0.105 -0.036 0.994 )
	n( 0.752 0.659 0 )
	n( 0.947 0.321 0 )
	n( 0.897 0.443 0 )
	n( 0.659 0.752 0 )
	n( 0.998 -0.066 0 )
	n( 0.998 0.066 0 )
	n( 0.897 -0.443 0 )
	n( 0.947 -0.321 0 )
	n( 0.659 -0.752 0 )
	n( 0.752 -0.659 0 )
	n( 0.321 -0.947 0 )
	n( 0.443 -0.897 0 )
	n( -0.066 -0.998 0 )
	n( 0.066 -0.998 0 )
	n( -0.443 -0.897 0 )
	n( -0.321 -0.947 0 )
	n( -0.752 -0.659 0 )
	n( -0.659 -0.752 0 )
	n( -0.947 -0.321 0 )
	n( -0.897 -0.443 0 )
	n( -0.998 0.066 0 )
	n( -0.998 -0.066 0 )
	n( -0.897 0.443 0 )
	n( -0.947 0.321 0 )
	n( -0.659 0.752 0 )
	n( -0.752 0.659 0 )
	n( -0.321 0.947 0 )
	n( -0.443 0.897 0 )
	n( 0.066 0.998 0 )
	n( -0.066 0.998 0 )
	n( 0.443 0.897 0 )
	n( 0.321 0.947 0 )
	n( -0.683 -0.183 0.707 )
	n( -0.966 -0.259 0 )
	n( -0.662 -0.079 0.746 )
	n( -0.968 -0.233 0.088 )
	n( -0.583 -0.156 -0.797 )
	n( -0.741 -0.296 -0.602 )
	n( 0.132 0.035 -0.991 )
	n( -0.012 -0.186 -0.982 )
	n( 0.77 0.206 -0.604 )
	n( 0.703 0.09 -0.706 )
	n( 0.96 0.279 0.004 )
	n( 0.957 0.256 0.137 )
	n( 0.583 0.156 0.797 )
	n( 0.649 0.288 0.704 )
	n( -0.132 -0.035 0.991 )
	n( 0.053 0.124 0.991 )
	n( -0.886 0.18 0.427 )
	n( -0.93 -0.356 -0.096 )
	n( -0.455 -0.693 -0.559 )
	n( 0.182 -0.679 -0.711 )
	n( 0.74 -0.373 -0.559 )
	n( 0.983 0.156 -0.096 )
	n( 0.678 0.599 0.427 )
	n( -0.177 0.659 0.731 )
	n( -0.99 -0.134 0.045 )
	n( -0.755 0.596 0.273 )
	n( -0.575 -0.791 -0.209 )
	n( 0.245 -0.916 -0.319 )
	n( 0.894 -0.397 -0.209 )
	n( 0.924 0.379 0.045 )
	n( 0.356 0.894 0.273 )
	n( -0.244 0.91 0.334 )
	n( 0.206 0.77 0.604 )
	n( 0.256 0.957 -0.137 )
	n( 0.276 0.951 0.142 )
	n( 0.26 0.549 0.794 )
	n( 0.156 0.583 -0.797 )
	n( 0.114 0.79 -0.602 )
	n( -0.035 -0.132 -0.991 )
	n( -0.155 0.103 -0.982 )
	n( -0.206 -0.77 -0.604 )
	n( -0.273 -0.654 -0.706 )
	n( -0.238 -0.971 0.004 )
	n( -0.256 -0.957 0.137 )
	n( -0.156 -0.583 0.797 )
	n( -0.075 -0.707 0.704 )
	n( 0.035 0.132 0.991 )
	n( 0.081 -0.108 0.991 )
	n( 0.599 0.678 0.427 )
	n( 0.156 0.983 -0.096 )
	n( -0.373 0.74 -0.559 )
	n( -0.679 0.182 -0.711 )
	n( -0.693 -0.455 -0.559 )
	n( -0.356 -0.93 -0.096 )
	n( 0.18 -0.886 0.427 )
	n( 0.659 -0.177 0.731 )
	n( 0.379 0.924 0.045 )
	n( 0.894 0.356 0.273 )
	n( -0.397 0.894 -0.209 )
	n( -0.916 0.245 -0.319 )
	n( -0.791 -0.575 -0.209 )
	n( -0.134 -0.99 0.045 )
	n( 0.596 -0.755 0.273 )
	n( 0.91 -0.244 0.334 )
	n( 0.111 0.806 0.581 )
	n( 0.5 -0.5 0.707 )
	n( 0.7 -0.7 0.137 )
	n( 0.4 -0.533 0.746 )
	n( 0.692 -0.722 0.004 )
	n( 0.5 -0.5 -0.707 )
	n( 0.615 -0.455 -0.644 )
	n( -0.097 0.097 -0.991 )
	n( 0.167 0.083 -0.982 )
	n( -0.564 0.564 -0.604 )
	n( -0.429 0.564 -0.706 )
	n( -0.7 0.7 0.137 )
	n( -0.722 0.692 0.004 )
	n( -0.574 0.418 0.704 )
	n( -0.427 0.427 0.797 )
	n( 0.097 -0.097 0.991 )
	n( -0.134 -0.016 0.991 )
	n( 0.287 -0.857 0.427 )
	n( 0.773 -0.627 -0.096 )
	n( 0.828 -0.047 -0.559 )
	n( 0.497 0.497 -0.711 )
	n( -0.047 0.828 -0.559 )
	n( -0.627 0.773 -0.096 )
	n( -0.857 0.287 0.427 )
	n( -0.483 -0.483 0.731 )
	n( 0.611 -0.79 0.045 )
	n( -0.139 -0.952 0.273 )
	n( 0.972 -0.103 -0.209 )
	n( 0.67 0.67 -0.319 )
	n( -0.103 0.972 -0.209 )
	n( -0.79 0.611 0.045 )
	n( -0.952 -0.139 0.273 )
	n( -0.667 -0.667 0.334 )
	n( -0.399 -0.69 0.604 )
	n( -0.495 -0.858 -0.137 )
	n( -0.513 -0.847 0.142 )
	n( -0.394 -0.463 0.794 )
	n( -0.302 -0.523 -0.797 )
	n( -0.315 -0.734 -0.602 )
	n( 0.068 0.118 -0.991 )
	n( 0.123 -0.14 -0.982 )
	n( 0.399 0.69 -0.604 )
	n( 0.433 0.561 -0.706 )
	n( 0.495 0.858 0.137 )
	n( 0.482 0.876 0.004 )
	n( 0.302 0.523 0.797 )
	n( 0.255 0.663 0.704 )
	n( -0.068 -0.118 0.991 )
	n( -0.05 0.125 0.991 )
	n( -0.754 -0.5 0.427 )
	n( -0.405 -0.909 -0.096 )
	n( 0.168 -0.812 -0.559 )
	n( 0.609 -0.351 -0.711 )
	n( 0.787 0.26 -0.559 )
	n( 0.584 0.806 -0.096 )
	n( 0.056 0.903 0.427 )
	n( -0.591 0.341 0.731 )
	n( -0.605 -0.795 0.045 )
	n( -0.955 -0.112 0.273 )
	n( 0.152 -0.966 -0.209 )
	n( 0.821 -0.474 -0.319 )
	n( 0.913 0.351 -0.209 )
	n( 0.386 0.921 0.045 )
	n( -0.381 0.884 0.273 )
	n( -0.816 0.471 0.334 )
	n( -0.399 0.69 0.604 )
	n( -0.495 0.858 -0.137 )
	n( -0.477 0.867 0.142 )
	n( -0.204 0.572 0.794 )
	n( -0.302 0.523 -0.797 )
	n( -0.478 0.64 -0.602 )
	n( 0.068 -0.118 -0.991 )
	n( -0.183 -0.037 -0.982 )
	n( 0.399 -0.69 -0.604 )
	n( 0.269 -0.656 -0.706 )
	n( 0.495 -0.858 0.137 )
	n( 0.518 -0.855 0.004 )
	n( 0.302 -0.523 0.797 )
	n( 0.447 -0.552 0.704 )
	n( -0.068 0.118 0.991 )
	n( 0.133 -0.019 0.991 )
	n( -0.056 0.903 0.427 )
	n( -0.584 0.806 -0.096 )
	n( -0.787 0.26 -0.559 )
	n( -0.609 -0.351 -0.711 )
	n( -0.168 -0.812 -0.559 )
	n( 0.405 -0.909 -0.096 )
	n( 0.754 -0.5 0.427 )
	n( 0.591 0.341 0.731 )
	n( -0.386 0.921 0.045 )
	n( 0.381 0.884 0.273 )
	n( -0.913 0.351 -0.209 )
	n( -0.821 -0.474 -0.319 )
	n( -0.152 -0.966 -0.209 )
	n( 0.605 -0.795 0.045 )
	n( 0.955 -0.112 0.273 )
	n( 0.816 0.471 0.334 )
	n( 0.797 0 0.604 )
	n( 0.991 0 -0.137 )
	n( 0.99 -0.021 0.142 )
	n( 0.598 -0.11 0.794 )
	n( 0.604 0 -0.797 )
	n( 0.793 0.094 -0.602 )
	n( -0.137 0 -0.991 )
	n( 0.059 0.177 -0.982 )
	n( -0.797 0 -0.604 )
	n( -0.702 0.095 -0.706 )
	n( -0.991 0 0.137 )
	n( -1 -0.021 0.004 )
	n( -0.604 0 0.797 )
	n( -0.702 -0.111 0.704 )
	n( 0.137 0 0.991 )
	n( -0.083 -0.106 0.991 )
	n( 0.81 -0.403 0.427 )
	n( 0.99 0.103 -0.096 )
	n( 0.619 0.552 -0.559 )
	n( 0 0.703 -0.711 )
	n( -0.619 0.552 -0.559 )
	n( -0.99 0.103 -0.096 )
	n( -0.81 -0.403 0.427 )
	n( 0 -0.683 0.731 )
	n( 0.991 -0.126 0.045 )
	n( 0.575 -0.771 0.273 )
	n( 0.76 0.615 -0.209 )
	n( 0 0.948 -0.319 )
	n( -0.76 0.615 -0.209 )
	n( -0.991 -0.126 0.045 )
	n( -0.575 -0.771 0.273 )
	n( 0 -0.943 0.334 )
	n( -0.77 -0.206 0.604 )
	n( -0.957 -0.256 -0.137 )
	n( -0.961 -0.236 0.142 )
	n( -0.606 -0.049 0.794 )
	n( -0.583 -0.156 -0.797 )
	n( -0.741 -0.296 -0.602 )
	n( -0.012 -0.186 -0.982 )
	n( 0.132 0.035 -0.991 )
	n( 0.77 0.206 -0.604 )
	n( 0.703 0.09 -0.706 )
	n( 0.957 0.256 0.137 )
	n( 0.96 0.279 0.004 )
	n( 0.583 0.156 0.797 )
	n( 0.649 0.288 0.704 )
	n( -0.132 -0.035 0.991 )
	n( 0.053 0.124 0.991 )
	n( -0.886 0.18 0.427 )
	n( -0.93 -0.356 -0.096 )
	n( -0.455 -0.693 -0.559 )
	n( 0.182 -0.679 -0.711 )
	n( 0.74 -0.373 -0.559 )
	n( 0.983 0.156 -0.096 )
	n( 0.678 0.599 0.427 )
	n( -0.177 0.659 0.731 )
	n( -0.99 -0.134 0.045 )
	n( -0.755 0.596 0.273 )
	n( -0.575 -0.791 -0.209 )
	n( 0.245 -0.916 -0.319 )
	n( 0.894 -0.397 -0.209 )
	n( 0.924 0.379 0.045 )
	n( 0.356 0.894 0.273 )
	n( -0.244 0.91 0.334 )
	n( 0.206 0.77 0.604 )
	n( 0.256 0.957 -0.137 )
	n( 0.276 0.951 0.142 )
	n( 0.26 0.549 0.794 )
	n( 0.156 0.583 -0.797 )
	n( 0.114 0.79 -0.602 )
	n( -0.035 -0.132 -0.991 )
	n( -0.155 0.103 -0.982 )
	n( -0.206 -0.77 -0.604 )
	n( -0.273 -0.654 -0.706 )
	n( -0.238 -0.971 0.004 )
	n( -0.256 -0.957 0.137 )
	n( -0.156 -0.583 0.797 )
	n( -0.075 -0.707 0.704 )
	n( 0.035 0.132 0.991 )
	n( 0.081 -0.108 0.991 )
	n( 0.599 0.678 0.427 )
	n( 0.156 0.983 -0.096 )
	n( -0.373 0.74 -0.559 )
	n( -0.679 0.182 -0.711 )
	n( -0.693 -0.455 -0.559 )
	n( -0.356 -0.93 -0.096 )
	n( 0.18 -0.886 0.427 )
	n( 0.659 -0.177 0.731 )
	n( 0.379 0.924 0.045 )
	n( 0.894 0.356 0.273 )
	n( -0.397 0.894 -0.209 )
	n( -0.916 0.245 -0.319 )
	n( -0.791 -0.575 -0.209 )
	n( -0.134 -0.99 0.045 )
	n( 0.596 -0.755 0.273 )
	n( 0.91 -0.244 0.334 )
	n( 0.564 -0.564 0.604 )
	n( 0.7 -0.7 -0.137 )
	n( 0.685 -0.714 0.142 )
	n( 0.345 -0.5 0.794 )
	n( 0.427 -0.427 -0.797 )
	n( 0.627 -0.494 -0.602 )
	n( -0.097 0.097 -0.991 )
	n( 0.167 0.083 -0.982 )
	n( -0.564 0.564 -0.604 )
	n( -0.429 0.564 -0.706 )
	n( -0.7 0.7 0.137 )
	n( -0.722 0.692 0.004 )
	n( -0.427 0.427 0.797 )
	n( -0.574 0.418 0.704 )
	n( 0.097 -0.097 0.991 )
	n( -0.134 -0.016 0.991 )
	n( 0.287 -0.857 0.427 )
	n( 0.773 -0.627 -0.096 )
	n( 0.828 -0.047 -0.559 )
	n( 0.497 0.497 -0.711 )
	n( -0.047 0.828 -0.559 )
	n( -0.627 0.773 -0.096 )
	n( -0.857 0.287 0.427 )
	n( -0.483 -0.483 0.731 )
	n( 0.611 -0.79 0.045 )
	n( -0.139 -0.952 0.273 )
	n( 0.972 -0.103 -0.209 )
	n( 0.67 0.67 -0.319 )
	n( -0.103 0.972 -0.209 )
	n( -0.79 0.611 0.045 )
	n( -0.952 -0.139 0.273 )
	n( -0.667 -0.667 0.334 )
	n( -0.406 -0.797 0.447 )
	n( -0.797 -0.406 -0.447 )
	n( -0.75 0.487 0.447 )
	n( -0.893 -0.047 -0.447 )
	n( -0.047 -0.893 0.447 )
	n( 0.487 -0.75 -0.447 )
	n( 0.276 0.851 0.447 )
	n( -0.276 -0.851 -0.447 )
	n( -0.875 -0.186 0.447 )
	n( 0.875 0.186 -0.447 )
	n( -0.875 0.186 0.447 )
	n( 0.875 -0.186 -0.447 )
	n( -0.406 -0.797 0.447 )
	n( -0.797 -0.406 -0.447 )
	n( -0.75 0.487 0.447 )
	n( -0.893 -0.047 -0.447 )
	n( -0.047 -0.893 0.447 )
	n( 0.487 -0.75 -0.447 )
	n( 0.006 0.116 0.993 )
	n( -0.106 -0.042 0.993 )
	n( -0.561 -0.358 0.746 )
	n( -0.075 -0.087 0.993 )
	n( -0.455 -0.504 0.735 )
	n( 0.969 -0.1 0.224 )
	n( 0.925 0.301 0.231 )
	n( 0.639 0.022 0.769 )
	n( 0.503 0.15 0.851 )
	n( -0.661 -0.733 0.162 )
	n( 0.018 0.048 0.999 )
	n( 0.1 0.067 0.993 )
	n( 0.107 0.016 0.994 )
	n( -0.028 -0.089 0.996 )
	n( -0.01 -0.118 0.993 )
	n( 0.023 -0.088 0.996 )
	n( 0.034 -0.037 0.999 )
	n( 0.855 -0.486 0.181 )
	n( 0.656 -0.168 0.736 )
	n( 0.102 -0.013 0.995 )
	n( 0.066 -0.525 0.848 )
	n( 0.151 -0.965 0.216 )
	n( -0.405 0.884 0.233 )
	n( -0.909 0.357 0.214 )
	n( 0.309 0.944 0.112 )
	n( 0.057 -0.104 0.993 )
	n( -0.053 0.075 0.996 )
	ng( 1 )
	g( "rack" )
	mt( "material/Chrome" )
	ni( 1395 5 )
	i( 3 184 184 181 )
	i( 3 182 179 180 )
	i( 3 177 178 175 )
	i( 3 176 173 174 )
	i( 3 171 171 174 )
	i( 3 174 171 172 )
	i( 3 169 170 167 )
	i( 3 168 165 166 )
	i( 3 162 163 161 )
	i( 3 161 163 163 )
	i( 3 161 164 191 )
	i( 3 192 189 190 )
	i( 3 187 188 185 )
	i( 3 186 183 184 )
	i( 3 181 181 17 )
	i( 3 17 17 15 )
	i( 3 14 14 509 )
	i( 3 509 17 502 )
	i( 3 15 501 15 )
	i( 3 1 15 16 )
	i( 3 14 523 523 )
	i( 3 19 19 19 )
	i( 3 18 20 509 )
	i( 3 504 502 503 )
	i( 3 501 2 1 )
	i( 3 0 16 16 )
	i( 3 20 20 20 )
	i( 3 19 513 514 )
	i( 3 514 19 19 )
	i( 3 520 514 515 )
	i( 3 513 516 513 )
	i( 3 2 513 503 )
	i( 3 20 504 504 )
	i( 3 515 515 159 )
	i( 3 516 159 519 )
	i( 3 160 160 510 )
	i( 3 510 516 512 )
	i( 3 519 507 519 )
	i( 3 518 160 158 )
	i( 3 159 159 10 )
	i( 3 10 500 5 )
	i( 3 510 511 512 )
	i( 3 508 507 506 )
	i( 3 507 505 518 )
	i( 3 517 517 10 )
	i( 3 10 10 6 )
	i( 3 500 500 4 )
	i( 3 4 4 524 )
	i( 3 10 9 6 )
	i( 3 522 522 10 )
	i( 3 10 10 4 )
	i( 3 5 3 511 )
	i( 3 25 508 25 )
	i( 3 506 25 24 )
	i( 3 3 24 4 )
	i( 3 524 524 0 )
	i( 3 0 0 16 )
	i( 3 156 523 12 )
	i( 3 11 13 522 )
	i( 3 7 6 8 )
	i( 3 500 500 500 )
	i( 3 500 500 8 )
	i( 3 510 526 2 )
	i( 3 526 0 157 )
	i( 3 156 157 12 )
	i( 3 157 13 526 )
	i( 3 7 8 8 )
	i( 3 517 517 517 )
	i( 3 21 22 23 )
	i( 3 525 525 521 )
	i( 3 521 21 23 )
	i( 3 23 518 518 )
	i( 3 517 158 22 )
	i( 3 159 525 515 )
	i( 3 23 520 521 )
	i( 3 19 18 18 )
	i( 3 220 220 211 )
	i( 3 219 210 217 )
	i( 3 217 200 200 )
	i( 3 211 198 210 )
	i( 3 196 210 209 )
	i( 3 217 218 218 )
	i( 3 202 202 199 )
	i( 3 200 197 198 )
	i( 3 194 196 195 )
	i( 3 209 216 218 )
	i( 3 216 224 224 )
	i( 3 195 195 195 )
	i( 3 208 216 206 )
	i( 3 215 203 214 )
	i( 3 202 213 200 )
	i( 3 212 212 224 )
	i( 3 224 224 216 )
	i( 3 223 215 222 )
	i( 3 214 221 213 )
	i( 3 220 212 211 )
	i( 3 200 200 57 )
	i( 3 57 56 58 )
	i( 3 144 58 145 )
	i( 3 257 257 58 )
	i( 3 58 58 257 )
	i( 3 60 257 143 )
	i( 3 257 138 145 )
	i( 3 137 144 139 )
	i( 3 56 140 57 )
	i( 3 57 57 57 )
	i( 3 57 147 58 )
	i( 3 59 60 141 )
	i( 3 143 124 143 )
	i( 3 123 138 125 )
	i( 3 137 137 140 )
	i( 3 140 57 146 )
	i( 3 147 142 59 )
	i( 3 141 141 125 )
	i( 3 125 125 137 )
	i( 3 127 139 129 )
	i( 3 140 131 146 )
	i( 3 134 142 133 )
	i( 3 141 124 124 )
	i( 3 131 131 132 )
	i( 3 134 135 133 )
	i( 3 136 124 121 )
	i( 3 123 122 125 )
	i( 3 126 126 135 )
	i( 3 135 153 136 )
	i( 3 154 121 155 )
	i( 3 122 148 126 )
	i( 3 149 128 150 )
	i( 3 130 151 151 )
	i( 3 125 125 126 )
	i( 3 127 128 129 )
	i( 3 130 131 130 )
	i( 3 132 151 132 )
	i( 3 152 135 153 )
	i( 3 153 35 35 )
	i( 3 35 31 32 )
	i( 3 33 499 27 )
	i( 3 29 28 30 )
	i( 3 34 35 34 )
	i( 3 31 31 34 )
	i( 3 34 31 26 )
	i( 3 33 26 27 )
	i( 3 26 28 34 )
	i( 3 34 35 35 )
	i( 3 35 498 32 )
	i( 3 498 499 498 )
	i( 3 29 498 30 )
	i( 3 35 35 45 )
	i( 3 45 45 41 )
	i( 3 42 43 497 )
	i( 3 37 39 38 )
	i( 3 40 44 45 )
	i( 3 44 41 41 )
	i( 3 44 44 41 )
	i( 3 36 43 36 )
	i( 3 37 36 38 )
	i( 3 44 44 45 )
	i( 3 45 45 496 )
	i( 3 42 496 497 )
	i( 3 496 39 496 )
	i( 3 40 45 45 )
	i( 3 65 65 65 )
	i( 3 70 69 67 )
	i( 3 69 493 69 )
	i( 3 64 65 65 )
	i( 3 492 492 70 )
	i( 3 66 67 68 )
	i( 3 493 62 64 )
	i( 3 63 65 492 )
	i( 3 65 70 70 )
	i( 3 68 68 68 )
	i( 3 61 66 61 )
	i( 3 492 61 63 )
	i( 3 61 62 68 )
	i( 3 68 80 80 )
	i( 3 80 76 77 )
	i( 3 78 73 72 )
	i( 3 71 74 75 )
	i( 3 79 80 79 )
	i( 3 76 76 79 )
	i( 3 79 76 491 )
	i( 3 78 491 72 )
	i( 3 491 74 79 )
	i( 3 79 80 80 )
	i( 3 80 490 77 )
	i( 3 490 73 490 )
	i( 3 71 490 75 )
	i( 3 80 80 90 )
	i( 3 90 90 86 )
	i( 3 87 88 83 )
	i( 3 82 81 84 )
	i( 3 85 89 90 )
	i( 3 89 86 86 )
	i( 3 89 89 86 )
	i( 3 489 88 489 )
	i( 3 82 489 84 )
	i( 3 89 89 90 )
	i( 3 90 90 488 )
	i( 3 87 488 83 )
	i( 3 488 81 488 )
	i( 3 85 90 90 )
	i( 3 117 117 117 )
	i( 3 119 120 119 )
	i( 3 115 119 111 )
	i( 3 119 113 117 )
	i( 3 117 111 111 )
	i( 3 111 112 113 )
	i( 3 118 117 116 )
	i( 3 120 482 115 )
	i( 3 114 111 114 )
	i( 3 112 112 114 )
	i( 3 114 112 483 )
	i( 3 118 483 116 )
	i( 3 483 482 114 )
	i( 3 114 452 452 )
	i( 3 452 453 466 )
	i( 3 453 473 465 )
	i( 3 473 463 472 )
	i( 3 461 471 459 )
	i( 3 470 457 469 )
	i( 3 469 466 466 )
	i( 3 475 473 481 )
	i( 3 473 480 472 )
	i( 3 479 471 478 )
	i( 3 470 477 469 )
	i( 3 469 477 477 )
	i( 3 477 476 468 )
	i( 3 468 477 477 )
	i( 3 469 468 457 )
	i( 3 468 455 468 )
	i( 3 467 476 474 )
	i( 3 474 458 458 )
	i( 3 458 459 456 )
	i( 3 457 454 455 )
	i( 3 451 455 452 )
	i( 3 467 466 474 )
	i( 3 466 475 475 )
	i( 3 451 451 452 )
	i( 3 450 453 464 )
	i( 3 465 462 463 )
	i( 3 460 461 458 )
	i( 3 459 459 381 )
	i( 3 381 380 372 )
	i( 3 372 381 381 )
	i( 3 373 372 361 )
	i( 3 372 359 372 )
	i( 3 371 380 378 )
	i( 3 378 362 362 )
	i( 3 362 363 360 )
	i( 3 361 358 359 )
	i( 3 355 359 356 )
	i( 3 371 370 378 )
	i( 3 370 379 379 )
	i( 3 355 355 356 )
	i( 3 354 357 368 )
	i( 3 369 366 367 )
	i( 3 364 365 362 )
	i( 3 363 363 356 )
	i( 3 356 356 357 )
	i( 3 370 357 377 )
	i( 3 369 377 367 )
	i( 3 376 365 375 )
	i( 3 363 374 361 )
	i( 3 373 373 370 )
	i( 3 370 379 377 )
	i( 3 385 377 384 )
	i( 3 376 383 375 )
	i( 3 382 374 381 )
	i( 3 373 373 413 )
	i( 3 413 404 412 )
	i( 3 403 410 402 )
	i( 3 411 409 417 )
	i( 3 416 416 403 )
	i( 3 403 388 402 )
	i( 3 389 409 401 )
	i( 3 401 399 399 )
	i( 3 401 398 401 )
	i( 3 400 389 386 )
	i( 3 388 387 391 )
	i( 3 390 392 393 )
	i( 3 393 392 392 )
	i( 3 393 395 394 )
	i( 3 397 396 399 )
	i( 3 398 398 399 )
	i( 3 399 408 397 )
	i( 3 407 395 406 )
	i( 3 392 405 392 )
	i( 3 404 391 403 )
	i( 3 388 388 404 )
	i( 3 404 404 405 )
	i( 3 413 406 414 )
	i( 3 407 415 408 )
	i( 3 416 408 409 )
	i( 3 399 401 401 )
	i( 3 317 317 317 )
	i( 3 316 308 308 )
	i( 3 318 318 310 )
	i( 3 317 309 308 )
	i( 3 309 297 310 )
	i( 3 299 311 301 )
	i( 3 312 303 303 )
	i( 3 300 300 301 )
	i( 3 298 299 296 )
	i( 3 297 294 297 )
	i( 3 295 308 307 )
	i( 3 316 307 314 )
	i( 3 314 294 294 )
	i( 3 295 291 292 )
	i( 3 290 293 304 )
	i( 3 305 302 303 )
	i( 3 300 301 301 )
	i( 3 312 312 303 )
	i( 3 313 305 313 )
	i( 3 293 306 292 )
	i( 3 307 295 295 )
	i( 3 307 307 314 )
	i( 3 306 315 313 )
	i( 3 321 313 320 )
	i( 3 312 319 311 )
	i( 3 318 310 310 )
	i( 3 262 262 259 )
	i( 3 261 260 274 )
	i( 3 260 281 273 )
	i( 3 281 270 280 )
	i( 3 269 279 267 )
	i( 3 278 265 277 )
	i( 3 277 289 289 )
	i( 3 289 281 288 )
	i( 3 280 287 279 )
	i( 3 286 278 285 )
	i( 3 277 276 265 )
	i( 3 265 285 285 )
	i( 3 285 284 276 )
	i( 3 276 265 265 )
	i( 3 265 276 263 )
	i( 3 276 275 284 )
	i( 3 282 282 267 )
	i( 3 267 264 265 )
	i( 3 262 263 261 )
	i( 3 275 274 282 )
	i( 3 274 283 281 )
	i( 3 289 289 259 )
	i( 3 259 259 258 )
	i( 3 260 272 273 )
	i( 3 271 270 268 )
	i( 3 269 266 267 )
	i( 3 264 264 243 )
	i( 3 243 230 242 )
	i( 3 227 241 228 )
	i( 3 248 240 248 )
	i( 3 238 247 235 )
	i( 3 246 234 245 )
	i( 3 232 232 232 )
	i( 3 232 244 245 )
	i( 3 252 245 253 )
	i( 3 246 254 247 )
	i( 3 255 248 256 )
	i( 3 248 250 250 )
	i( 3 248 248 250 )
	i( 3 241 249 242 )
	i( 3 251 243 252 )
	i( 3 243 244 243 )
	i( 3 232 230 229 )
	i( 3 229 236 236 )
	i( 3 236 235 233 )
	i( 3 234 231 232 )
	i( 3 229 229 229 )
	i( 3 229 229 230 )
	i( 3 226 227 225 )
	i( 3 228 239 240 )
	i( 3 237 238 236 )
	i( 3 235 235 495 )
	i( 3 495 53 47 )
	i( 3 53 48 53 )
	i( 3 52 53 51 )
	i( 3 495 495 495 )
	i( 3 495 494 51 )
	i( 3 55 52 54 )
	i( 3 48 46 47 )
	i( 3 49 495 49 )
	i( 3 494 494 49 )
	i( 3 49 494 50 )
	i( 3 55 50 54 )
	i( 3 50 46 49 )
	i( 3 49 100 100 )
	i( 3 486 97 486 )
	i( 3 487 486 94 )
	i( 3 486 95 100 )
	i( 3 100 100 100 )
	i( 3 100 96 97 )
	i( 3 98 487 92 )
	i( 3 94 93 95 )
	i( 3 99 100 99 )
	i( 3 96 96 99 )
	i( 3 99 96 91 )
	i( 3 98 91 92 )
	i( 3 91 93 99 )
	i( 3 99 106 106 )
	i( 3 106 109 110 )
	i( 3 109 105 109 )
	i( 3 103 109 101 )
	i( 3 106 106 101 )
	i( 3 101 102 103 )
	i( 3 104 105 484 )
	i( 3 110 107 106 )
	i( 3 108 101 108 )
	i( 3 102 102 108 )
	i( 3 108 102 485 )
	i( 3 104 485 484 )
	i( 3 485 107 108 )
	i( 3 108 431 431 )
	i( 3 440 428 439 )
	i( 3 427 438 425 )
	i( 3 437 437 420 )
	i( 3 420 420 418 )
	i( 3 421 432 433 )
	i( 3 430 431 429 )
	i( 3 428 426 427 )
	i( 3 424 425 422 )
	i( 3 422 439 439 )
	i( 3 439 446 438 )
	i( 3 445 437 436 )
	i( 3 425 423 422 )
	i( 3 423 419 420 )
	i( 3 418 418 445 )
	i( 3 445 445 444 )
	i( 3 436 435 423 )
	i( 3 435 420 434 )
	i( 3 421 441 433 )
	i( 3 441 431 440 )
	i( 3 440 444 444 )
	i( 3 444 435 442 )
	i( 3 434 443 441 )
	i( 3 449 441 448 )
	i( 3 440 447 439 )
	i( 3 446 446 333 )
	i( 3 333 332 335 )
	i( 3 334 337 336 )
	i( 3 325 322 324 )
	i( 3 323 327 326 )
	i( 3 329 328 328 )
	i( 3 325 325 325 )
	i( 3 338 324 339 )
	i( 3 327 340 329 )
	i( 3 341 341 339 )
	i( 3 339 348 340 )
	i( 3 349 341 342 )
	i( 3 329 331 328 )
	i( 3 331 330 333 )
	i( 3 332 332 349 )
	i( 3 349 349 350 )
	i( 3 342 343 331 )
	i( 3 343 333 344 )
	i( 3 335 345 337 )
	i( 3 345 325 338 )
	i( 3 338 350 350 )
	i( 3 350 343 351 )
	i( 3 344 352 345 )
	i( 3 353 345 347 )
	i( 3 338 346 339 )
	i( 3 348 348 194 )
	i( 3 194 193 195 )
	i( 3 207 208 205 )
	i( 3 206 204 203 )
	i( 3 201 202 199 )
}
