object( "object/hifiCabinet" )
{
	l( 3.595 -1.113 0.238 )
	ra( 0.814 )
	fl( 1 )
	di( 0.265 0.622 0.454 )
	displayName( "Hifi Cabinet" )
	pathSuffix( "Hifi" )
	tag( 8 )
	vb( 5888 2208 0 4416 0 )
	v( -0.265 0.391 0.019 )
	v( -0.265 0.355 0.057 )
	v( -0.265 0.38 0.046 )
	v( -0.265 -0.355 0.057 )
	v( -0.265 -0.391 0.019 )
	v( -0.265 -0.38 0.046 )
	v( -0.255 0.355 -0.034 )
	v( -0.265 0.355 -0.019 )
	v( -0.255 0.39 -0.019 )
	v( -0.265 0.38 -0.008 )
	v( -0.265 0.391 0.019 )
	v( -0.265 0.38 0.046 )
	v( -0.255 0.404 0.019 )
	v( -0.255 0.39 0.057 )
	v( -0.265 0.38 0.046 )
	v( -0.265 0.355 0.057 )
	v( -0.255 0.39 0.057 )
	v( -0.255 0.355 0.072 )
	v( -0.265 0.355 -0.019 )
	v( -0.255 0.355 -0.034 )
	v( -0.255 0.355 0.072 )
	v( -0.265 0.355 0.057 )
	v( -0.265 -0.355 -0.019 )
	v( -0.265 -0.355 0.057 )
	v( -0.255 -0.355 0.072 )
	v( -0.255 -0.355 -0.034 )
	v( -0.265 -0.38 0.046 )
	v( -0.255 -0.39 0.057 )
	v( -0.265 -0.355 0.057 )
	v( -0.255 -0.355 0.072 )
	v( -0.265 -0.391 0.019 )
	v( -0.255 -0.404 0.019 )
	v( -0.265 -0.38 0.046 )
	v( -0.255 -0.39 0.057 )
	v( -0.265 -0.38 -0.008 )
	v( -0.265 -0.355 -0.019 )
	v( -0.255 -0.39 -0.019 )
	v( -0.255 -0.355 -0.034 )
	v( 0.265 0.622 0.454 )
	v( 0.265 0.622 -0.454 )
	v( -0.239 0.622 -0.454 )
	v( -0.239 0.622 0.454 )
	v( -0.255 -0.618 0.434 )
	v( -0.255 -0.618 -0.434 )
	v( -0.239 -0.618 -0.434 )
	v( -0.239 -0.618 0.434 )
	v( -0.255 -0.618 -0.434 )
	v( -0.255 -0.338 -0.434 )
	v( -0.239 -0.338 -0.434 )
	v( -0.239 -0.618 -0.434 )
	v( -0.255 -0.338 0.434 )
	v( -0.255 -0.338 -0.434 )
	v( -0.255 -0.618 0.434 )
	v( -0.255 -0.618 -0.434 )
	v( -0.255 0.618 -0.434 )
	v( -0.255 0.338 -0.434 )
	v( -0.255 0.618 0.434 )
	v( -0.255 0.338 0.434 )
	v( -0.255 0.618 -0.434 )
	v( -0.239 0.618 -0.434 )
	v( -0.239 0.338 -0.434 )
	v( -0.255 0.338 -0.434 )
	v( -0.255 0.618 0.434 )
	v( -0.239 0.618 0.434 )
	v( -0.239 0.618 -0.434 )
	v( -0.255 0.618 -0.434 )
	v( -0.255 0.618 0.434 )
	v( -0.255 0.338 0.434 )
	v( -0.239 0.618 0.434 )
	v( -0.255 0.338 0.434 )
	v( -0.239 0.334 0.434 )
	v( -0.239 0.618 0.434 )
	v( -0.239 0.334 0.436 )
	v( -0.239 0.334 -0.454 )
	v( 0.265 0.334 0.436 )
	v( 0.265 0.334 -0.454 )
	v( -0.239 0.334 -0.43 )
	v( -0.239 0.334 -0.454 )
	v( -0.239 -0.334 -0.454 )
	v( -0.239 -0.334 -0.43 )
	v( -0.239 0.334 -0.43 )
	v( -0.239 -0.334 -0.43 )
	v( 0.265 -0.334 -0.43 )
	v( 0.265 0.334 -0.43 )
	v( -0.239 0.334 -0.241 )
	v( -0.239 -0.334 -0.241 )
	v( 0.265 -0.334 -0.241 )
	v( 0.265 0.334 -0.241 )
	v( -0.239 0.334 -0.241 )
	v( -0.239 0.334 -0.255 )
	v( -0.239 -0.334 -0.255 )
	v( -0.239 -0.334 -0.241 )
	v( -0.239 0.334 -0.125 )
	v( -0.239 0.334 -0.139 )
	v( -0.239 -0.334 -0.139 )
	v( -0.239 -0.334 -0.125 )
	v( -0.239 0.334 -0.125 )
	v( -0.239 -0.334 -0.125 )
	v( 0.265 -0.334 -0.125 )
	v( 0.265 0.334 -0.125 )
	v( -0.239 0.334 0.043 )
	v( -0.239 -0.334 0.043 )
	v( 0.265 -0.334 0.043 )
	v( 0.265 0.334 0.043 )
	v( -0.239 0.334 0.043 )
	v( -0.239 0.334 0.029 )
	v( -0.239 -0.334 0.029 )
	v( -0.239 -0.334 0.043 )
	v( -0.239 0.334 0.163 )
	v( -0.239 0.334 0.149 )
	v( -0.239 -0.334 0.149 )
	v( -0.239 -0.334 0.163 )
	v( -0.239 0.334 0.163 )
	v( -0.239 -0.334 0.163 )
	v( 0.265 -0.334 0.163 )
	v( 0.265 0.334 0.163 )
	v( 0.265 -0.334 0.343 )
	v( -0.239 -0.334 0.344 )
	v( 0.265 0.334 0.343 )
	v( -0.239 0.334 0.344 )
	v( -0.265 -0.38 -0.008 )
	v( -0.265 -0.355 -0.019 )
	v( -0.265 0.38 -0.008 )
	v( -0.265 0.355 -0.019 )
	v( -0.239 -0.334 0.454 )
	v( -0.239 -0.334 -0.454 )
	v( -0.239 -0.622 0.454 )
	v( -0.239 -0.622 -0.454 )
	v( 0.265 -0.622 -0.454 )
	v( 0.265 -0.622 0.454 )
	v( -0.239 -0.622 -0.454 )
	v( -0.239 -0.622 0.454 )
	v( -0.239 0.334 -0.454 )
	v( -0.239 0.334 0.454 )
	v( -0.239 0.622 0.454 )
	v( -0.239 0.622 -0.454 )
	v( -0.239 0.334 0.434 )
	v( -0.239 0.334 0.344 )
	v( -0.239 -0.334 0.344 )
	v( -0.239 -0.334 0.434 )
	v( -0.239 -0.334 0.454 )
	v( -0.239 0.334 0.454 )
	v( 0.265 -0.334 -0.454 )
	v( -0.239 -0.334 -0.454 )
	v( 0.265 -0.334 0.436 )
	v( -0.239 -0.334 0.436 )
	v( -0.239 0.334 0.434 )
	v( -0.255 0.338 0.434 )
	v( -0.239 0.338 -0.434 )
	v( -0.255 0.338 0.434 )
	v( -0.255 0.338 -0.434 )
	v( -0.239 0.338 -0.434 )
	v( -0.255 -0.338 -0.434 )
	v( -0.255 -0.338 0.434 )
	v( -0.239 -0.338 -0.434 )
	v( -0.255 -0.338 0.434 )
	v( -0.239 -0.334 0.434 )
	v( -0.239 -0.338 -0.434 )
	v( -0.239 -0.334 0.434 )
	v( -0.255 -0.338 0.434 )
	v( -0.239 -0.618 0.434 )
	v( -0.255 -0.338 0.434 )
	v( -0.255 -0.618 0.434 )
	v( -0.239 -0.618 0.434 )
	v( 0.265 -0.334 -0.454 )
	v( 0.265 -0.334 0.454 )
	v( 0.265 0.334 0.454 )
	v( 0.265 0.334 -0.454 )
	v( -0.239 0.622 0.454 )
	v( -0.239 0.334 0.454 )
	v( 0.265 0.622 0.454 )
	v( 0.265 0.334 0.454 )
	v( -0.239 -0.334 0.454 )
	v( 0.265 -0.334 0.454 )
	v( -0.239 -0.622 0.454 )
	v( 0.265 -0.622 0.454 )
	v( -0.265 -0.391 0.019 )
	v( -0.265 -0.38 -0.008 )
	v( -0.255 -0.404 0.019 )
	v( -0.255 -0.39 -0.019 )
	v( -0.255 0.39 -0.019 )
	v( -0.265 0.38 -0.008 )
	v( -0.255 0.404 0.019 )
	v( -0.265 0.391 0.019 )
	n( -1 0 0 )
	n( -1 0 0 )
	n( -1 0 0 )
	n( -1 0 0 )
	n( -1 0 0 )
	n( -1 0 0 )
	n( -0.802 0.244 -0.546 )
	n( -0.802 0.244 -0.546 )
	n( -0.802 0.244 -0.546 )
	n( -0.802 0.244 -0.546 )
	n( -0.786 0.577 0.222 )
	n( -0.786 0.577 0.222 )
	n( -0.786 0.577 0.222 )
	n( -0.786 0.577 0.222 )
	n( -0.802 0.244 0.546 )
	n( -0.802 0.244 0.546 )
	n( -0.802 0.244 0.546 )
	n( -0.802 0.244 0.546 )
	n( 0 -1 0 )
	n( 0 -1 0 )
	n( 0 -1 0 )
	n( 0 -1 0 )
	n( 0 1 0 )
	n( 0 1 0 )
	n( 0 1 0 )
	n( 0 1 0 )
	n( -0.802 -0.244 0.546 )
	n( -0.802 -0.244 0.546 )
	n( -0.802 -0.244 0.546 )
	n( -0.802 -0.244 0.546 )
	n( -0.786 -0.577 0.222 )
	n( -0.786 -0.577 0.222 )
	n( -0.786 -0.577 0.222 )
	n( -0.786 -0.577 0.222 )
	n( -0.802 -0.244 -0.546 )
	n( -0.802 -0.244 -0.546 )
	n( -0.802 -0.244 -0.546 )
	n( -0.802 -0.244 -0.546 )
	n( 0 1 0 )
	n( 0 1 0 )
	n( 0 1 0 )
	n( 0 1 0 )
	n( 0 -1 0 )
	n( 0 -1 0 )
	n( 0 -1 0 )
	n( 0 -1 0 )
	n( 0 0 -1 )
	n( 0 0 -1 )
	n( 0 0 -1 )
	n( 0 0 -1 )
	n( -1 0 0 )
	n( -1 0 0 )
	n( -1 0 0 )
	n( -1 0 0 )
	n( -1 0 0 )
	n( -1 0 0 )
	n( -1 0 0 )
	n( -1 0 0 )
	n( 0 0 -1 )
	n( 0 0 -1 )
	n( 0 0 -1 )
	n( 0 0 -1 )
	n( 0 1 0 )
	n( 0 1 0 )
	n( 0 1 0 )
	n( 0 1 0 )
	n( 0 0 1 )
	n( 0 0 1 )
	n( 0 0 1 )
	n( -0.017 0.001 1 )
	n( -0.017 0.001 1 )
	n( -0.017 0.001 1 )
	n( 0 -1 0 )
	n( 0 -1 0 )
	n( 0 -1 0 )
	n( 0 -1 0 )
	n( -1 0 0 )
	n( -1 0 0 )
	n( -1 0 0 )
	n( -1 0 0 )
	n( 0 0 1 )
	n( 0 0 1 )
	n( 0 0 1 )
	n( 0 0 1 )
	n( 0 0 1 )
	n( 0 0 1 )
	n( 0 0 1 )
	n( 0 0 1 )
	n( -1 0 0 )
	n( -1 0 0 )
	n( -1 0 0 )
	n( -1 0 0 )
	n( -1 0 0 )
	n( -1 0 0 )
	n( -1 0 0 )
	n( -1 0 0 )
	n( 0 0 1 )
	n( 0 0 1 )
	n( 0 0 1 )
	n( 0 0 1 )
	n( 0 0 1 )
	n( 0 0 1 )
	n( 0 0 1 )
	n( 0 0 1 )
	n( -1 0 0 )
	n( -1 0 0 )
	n( -1 0 0 )
	n( -1 0 0 )
	n( -1 0 0 )
	n( -1 0 0 )
	n( -1 0 0 )
	n( -1 0 0 )
	n( 0 0 1 )
	n( 0 0 1 )
	n( 0 0 1 )
	n( 0 0 1 )
	n( 0 0 -1 )
	n( 0 0 -1 )
	n( 0 0 -1 )
	n( 0 0 -1 )
	n( -1 0 0 )
	n( -1 0 0 )
	n( -1 0 0 )
	n( -1 0 0 )
	n( -1 0 0 )
	n( -1 0 0 )
	n( -1 0 0 )
	n( -1 0 0 )
	n( 0 -1 0 )
	n( 0 -1 0 )
	n( 0 -1 0 )
	n( 0 -1 0 )
	n( -1 0 0 )
	n( -1 0 0 )
	n( -1 0 0 )
	n( -1 0 0 )
	n( -1 0 0 )
	n( -1 0 0 )
	n( -1 0 0 )
	n( -1 0 0 )
	n( -1 0 0 )
	n( -1 0 0 )
	n( 0 1 0 )
	n( 0 1 0 )
	n( 0 1 0 )
	n( 0 1 0 )
	n( -0.205 -0.979 -0.004 )
	n( -0.205 -0.979 -0.004 )
	n( -0.205 -0.979 -0.004 )
	n( 0 -1 0 )
	n( 0 -1 0 )
	n( 0 -1 0 )
	n( 0 1 0 )
	n( 0 1 0 )
	n( 0 1 0 )
	n( -0.205 0.979 -0.004 )
	n( -0.205 0.979 -0.004 )
	n( -0.205 0.979 -0.004 )
	n( -0.017 -0.001 1 )
	n( -0.017 -0.001 1 )
	n( -0.017 -0.001 1 )
	n( 0 0 1 )
	n( 0 0 1 )
	n( 0 0 1 )
	n( -1 0 0 )
	n( -1 0 0 )
	n( -1 0 0 )
	n( -1 0 0 )
	n( 0 0 1 )
	n( 0 0 1 )
	n( 0 0 1 )
	n( 0 0 1 )
	n( 0 0 1 )
	n( 0 0 1 )
	n( 0 0 1 )
	n( 0 0 1 )
	n( -0.786 -0.577 -0.222 )
	n( -0.786 -0.577 -0.222 )
	n( -0.786 -0.577 -0.222 )
	n( -0.786 -0.577 -0.222 )
	n( -0.786 0.577 -0.222 )
	n( -0.786 0.577 -0.222 )
	n( -0.786 0.577 -0.222 )
	n( -0.786 0.577 -0.222 )
	u0( 0.406 0.053 )
	u0( 0.426 0.033 )
	u0( 0.412 0.039 )
	u0( 0.461 0.033 )
	u0( 0.481 0.053 )
	u0( 0.475 0.039 )
	u0( 0.05 0.073 )
	u0( 0.061 0.066 )
	u0( 0.056 0.042 )
	u0( 0.066 0.05 )
	u0( 0.088 0.042 )
	u0( 0.109 0.051 )
	u0( 0.088 0.027 )
	u0( 0.12 0.042 )
	u0( 0.109 0.051 )
	u0( 0.112 0.066 )
	u0( 0.12 0.042 )
	u0( 0.123 0.073 )
	u0( 0.061 0.066 )
	u0( 0.05 0.073 )
	u0( 0.123 0.073 )
	u0( 0.112 0.066 )
	u0( 0.061 0.066 )
	u0( 0.112 0.066 )
	u0( 0.123 0.073 )
	u0( 0.05 0.073 )
	u0( 0.109 0.051 )
	u0( 0.12 0.042 )
	u0( 0.112 0.066 )
	u0( 0.123 0.073 )
	u0( 0.088 0.042 )
	u0( 0.088 0.027 )
	u0( 0.109 0.051 )
	u0( 0.12 0.042 )
	u0( 0.066 0.05 )
	u0( 0.061 0.066 )
	u0( 0.056 0.042 )
	u0( 0.05 0.073 )
	u0( 0.697 0.114 )
	u0( 0.074 0.114 )
	u0( 0.074 0.337 )
	u0( 0.697 0.337 )
	u0( 0.729 0.365 )
	u0( 0.729 0.962 )
	u0( 0.741 0.962 )
	u0( 0.741 0.365 )
	u0( 0.729 0.962 )
	u0( 0.521 0.962 )
	u0( 0.521 0.974 )
	u0( 0.729 0.974 )
	u0( 0.521 0.365 )
	u0( 0.521 0.962 )
	u0( 0.729 0.365 )
	u0( 0.729 0.962 )
	u0( 0.034 0.962 )
	u0( 0.242 0.962 )
	u0( 0.034 0.365 )
	u0( 0.242 0.365 )
	u0( 0.034 0.962 )
	u0( 0.034 0.974 )
	u0( 0.242 0.974 )
	u0( 0.242 0.962 )
	u0( 0.034 0.365 )
	u0( 0.022 0.365 )
	u0( 0.022 0.962 )
	u0( 0.034 0.962 )
	u0( 0.034 0.365 )
	u0( 0.242 0.365 )
	u0( 0.034 0.353 )
	u0( 0.242 0.365 )
	u0( 0.245 0.353 )
	u0( 0.034 0.353 )
	u0( 0.769 0.45 )
	u0( 0.769 0.96 )
	u0( 0.957 0.45 )
	u0( 0.957 0.96 )
	u0( 0.763 0.426 )
	u0( 0.763 0.438 )
	u0( 0.965 0.438 )
	u0( 0.965 0.426 )
	u0( 0.763 0.426 )
	u0( 0.965 0.426 )
	u0( 0.965 0.259 )
	u0( 0.763 0.259 )
	u0( 0.763 0.426 )
	u0( 0.965 0.426 )
	u0( 0.965 0.259 )
	u0( 0.763 0.259 )
	u0( 0.763 0.426 )
	u0( 0.763 0.433 )
	u0( 0.965 0.433 )
	u0( 0.965 0.426 )
	u0( 0.965 0.266 )
	u0( 0.965 0.259 )
	u0( 0.763 0.259 )
	u0( 0.763 0.266 )
	u0( 0.965 0.266 )
	u0( 0.763 0.266 )
	u0( 0.763 0.433 )
	u0( 0.965 0.433 )
	u0( 0.763 0.426 )
	u0( 0.965 0.426 )
	u0( 0.965 0.259 )
	u0( 0.763 0.259 )
	u0( 0.763 0.426 )
	u0( 0.763 0.433 )
	u0( 0.965 0.433 )
	u0( 0.965 0.426 )
	u0( 0.763 0.426 )
	u0( 0.763 0.433 )
	u0( 0.965 0.433 )
	u0( 0.965 0.426 )
	u0( 0.763 0.426 )
	u0( 0.965 0.426 )
	u0( 0.965 0.259 )
	u0( 0.763 0.259 )
	u0( 0.966 0.243 )
	u0( 0.966 0.078 )
	u0( 0.765 0.243 )
	u0( 0.765 0.078 )
	u0( 0.475 0.067 )
	u0( 0.461 0.073 )
	u0( 0.412 0.067 )
	u0( 0.426 0.073 )
	u0( 0.697 0.114 )
	u0( 0.074 0.114 )
	u0( 0.697 0.337 )
	u0( 0.074 0.337 )
	u0( 0.697 0.114 )
	u0( 0.074 0.114 )
	u0( 0.697 0.337 )
	u0( 0.074 0.337 )
	u0( 0.074 0.337 )
	u0( 0.697 0.337 )
	u0( 0.697 0.114 )
	u0( 0.074 0.114 )
	u0( 0.765 0.032 )
	u0( 0.765 0.078 )
	u0( 0.966 0.078 )
	u0( 0.966 0.032 )
	u0( 0.966 0.022 )
	u0( 0.765 0.022 )
	u0( 0.957 0.96 )
	u0( 0.769 0.96 )
	u0( 0.957 0.45 )
	u0( 0.769 0.45 )
	u0( 0.255 0.365 )
	u0( 0.242 0.365 )
	u0( 0.255 0.962 )
	u0( 0.242 0.365 )
	u0( 0.242 0.962 )
	u0( 0.255 0.962 )
	u0( 0.521 0.962 )
	u0( 0.521 0.365 )
	u0( 0.508 0.962 )
	u0( 0.521 0.365 )
	u0( 0.508 0.365 )
	u0( 0.508 0.962 )
	u0( 0.518 0.353 )
	u0( 0.521 0.365 )
	u0( 0.729 0.353 )
	u0( 0.521 0.365 )
	u0( 0.729 0.365 )
	u0( 0.729 0.353 )
	u0( 0.507 0.957 )
	u0( 0.507 0.363 )
	u0( 0.256 0.363 )
	u0( 0.256 0.957 )
	u0( 0.288 0.375 )
	u0( 0.288 0.551 )
	u0( 0.474 0.375 )
	u0( 0.474 0.551 )
	u0( 0.289 0.776 )
	u0( 0.475 0.776 )
	u0( 0.289 0.952 )
	u0( 0.475 0.952 )
	u0( 0.088 0.042 )
	u0( 0.066 0.05 )
	u0( 0.088 0.027 )
	u0( 0.056 0.042 )
	u0( 0.056 0.042 )
	u0( 0.066 0.05 )
	u0( 0.088 0.027 )
	u0( 0.088 0.042 )
	ng( 1 )
	g( "null" )
	mt( "material/Pelle_nera" )
	ni( 276 4 )
	i( 3 0 1 2 )
	i( 3 3 4 5 )
	i( 3 6 7 8 )
	i( 3 7 9 8 )
	i( 3 10 11 12 )
	i( 3 11 13 12 )
	i( 3 14 15 16 )
	i( 3 15 17 16 )
	i( 3 18 19 20 )
	i( 3 18 20 21 )
	i( 3 22 23 24 )
	i( 3 22 24 25 )
	i( 3 26 27 28 )
	i( 3 27 29 28 )
	i( 3 30 31 32 )
	i( 3 31 33 32 )
	i( 3 34 35 36 )
	i( 3 35 37 36 )
	i( 3 38 39 40 )
	i( 3 38 40 41 )
	i( 3 42 43 44 )
	i( 3 42 44 45 )
	i( 3 46 47 48 )
	i( 3 46 48 49 )
	i( 3 50 51 52 )
	i( 3 51 53 52 )
	i( 3 54 55 56 )
	i( 3 55 57 56 )
	i( 3 58 59 60 )
	i( 3 58 60 61 )
	i( 3 62 63 64 )
	i( 3 62 64 65 )
	i( 3 66 67 68 )
	i( 3 69 70 71 )
	i( 3 72 73 74 )
	i( 3 73 75 74 )
	i( 3 76 77 78 )
	i( 3 76 78 79 )
	i( 3 80 81 82 )
	i( 3 80 82 83 )
	i( 3 84 85 86 )
	i( 3 84 86 87 )
	i( 3 88 89 90 )
	i( 3 88 90 91 )
	i( 3 92 93 94 )
	i( 3 92 94 95 )
	i( 3 96 97 98 )
	i( 3 96 98 99 )
	i( 3 100 101 102 )
	i( 3 100 102 103 )
	i( 3 104 105 106 )
	i( 3 104 106 107 )
	i( 3 108 109 110 )
	i( 3 108 110 111 )
	i( 3 112 113 114 )
	i( 3 112 114 115 )
	i( 3 116 117 118 )
	i( 3 117 119 118 )
	i( 3 120 4 121 )
	i( 3 4 3 121 )
	i( 3 122 123 0 )
	i( 3 123 1 0 )
	i( 3 124 125 126 )
	i( 3 125 127 126 )
	i( 3 128 129 130 )
	i( 3 129 131 130 )
	i( 3 132 133 134 )
	i( 3 132 134 135 )
	i( 3 136 137 138 )
	i( 3 136 138 139 )
	i( 3 136 139 140 )
	i( 3 136 140 141 )
	i( 3 142 143 144 )
	i( 3 143 145 144 )
	i( 3 146 147 148 )
	i( 3 149 150 151 )
	i( 3 152 153 154 )
	i( 3 155 156 157 )
	i( 3 158 159 160 )
	i( 3 161 162 163 )
	i( 3 164 165 166 )
	i( 3 164 166 167 )
	i( 3 168 169 170 )
	i( 3 169 171 170 )
	i( 3 169 172 171 )
	i( 3 172 173 171 )
	i( 3 172 174 173 )
	i( 3 174 175 173 )
	i( 3 176 177 178 )
	i( 3 177 179 178 )
	i( 3 180 181 182 )
	i( 3 181 183 182 )
}
