object( "object/hifi" )
{
	l( 3.624 -1.113 0.904 )
	ra( 0.653 )
	fl( 1 )
	di( 0.15 0.6 0.21 )
	displayName( "Stereo" )
	pathSuffix( "Hifi" )
	tag( 3 )
	vb( 4736 1776 0 3552 0 )
	v( 0.111 0.069 -0.196 )
	v( 0.09 0.06 -0.196 )
	v( 0.111 0.069 -0.208 )
	v( 0.09 0.06 -0.208 )
	v( 0.09 0.06 -0.196 )
	v( 0.069 0.069 -0.196 )
	v( 0.09 0.06 -0.208 )
	v( 0.069 0.069 -0.208 )
	v( 0.069 0.069 -0.196 )
	v( 0.06 0.09 -0.196 )
	v( 0.069 0.069 -0.208 )
	v( 0.06 0.09 -0.208 )
	v( 0.06 0.09 -0.196 )
	v( 0.069 0.111 -0.196 )
	v( 0.069 0.111 -0.208 )
	v( 0.06 0.09 -0.208 )
	v( 0.069 0.111 -0.208 )
	v( 0.069 0.111 -0.196 )
	v( 0.09 0.12 -0.208 )
	v( 0.09 0.12 -0.196 )
	v( 0.09 0.12 -0.208 )
	v( 0.09 0.12 -0.196 )
	v( 0.111 0.111 -0.208 )
	v( 0.111 0.111 -0.196 )
	v( 0.111 -0.111 -0.196 )
	v( 0.09 -0.12 -0.196 )
	v( 0.111 -0.111 -0.208 )
	v( 0.09 -0.12 -0.208 )
	v( 0.09 -0.12 -0.196 )
	v( 0.069 -0.111 -0.196 )
	v( 0.09 -0.12 -0.208 )
	v( 0.069 -0.111 -0.208 )
	v( 0.069 -0.111 -0.196 )
	v( 0.06 -0.09 -0.196 )
	v( 0.069 -0.111 -0.208 )
	v( 0.06 -0.09 -0.208 )
	v( 0.06 -0.09 -0.196 )
	v( 0.069 -0.069 -0.196 )
	v( 0.069 -0.069 -0.208 )
	v( 0.06 -0.09 -0.208 )
	v( 0.069 -0.069 -0.208 )
	v( 0.069 -0.069 -0.196 )
	v( 0.09 -0.06 -0.208 )
	v( 0.09 -0.06 -0.196 )
	v( 0.09 -0.06 -0.208 )
	v( 0.09 -0.06 -0.196 )
	v( 0.111 -0.069 -0.208 )
	v( 0.111 -0.069 -0.196 )
	v( -0.069 -0.111 -0.196 )
	v( -0.09 -0.12 -0.196 )
	v( -0.069 -0.111 -0.208 )
	v( -0.09 -0.12 -0.208 )
	v( -0.09 -0.12 -0.196 )
	v( -0.111 -0.111 -0.196 )
	v( -0.09 -0.12 -0.208 )
	v( -0.111 -0.111 -0.208 )
	v( -0.111 -0.111 -0.196 )
	v( -0.12 -0.09 -0.196 )
	v( -0.111 -0.111 -0.208 )
	v( -0.12 -0.09 -0.208 )
	v( -0.12 -0.09 -0.196 )
	v( -0.111 -0.069 -0.196 )
	v( -0.111 -0.069 -0.208 )
	v( -0.12 -0.09 -0.208 )
	v( -0.111 -0.069 -0.208 )
	v( -0.111 -0.069 -0.196 )
	v( -0.09 -0.06 -0.208 )
	v( -0.09 -0.06 -0.196 )
	v( -0.09 -0.06 -0.208 )
	v( -0.09 -0.06 -0.196 )
	v( -0.069 -0.069 -0.208 )
	v( -0.069 -0.069 -0.196 )
	v( -0.069 0.069 -0.196 )
	v( -0.09 0.06 -0.196 )
	v( -0.069 0.069 -0.208 )
	v( -0.09 0.06 -0.208 )
	v( -0.09 0.06 -0.196 )
	v( -0.111 0.069 -0.196 )
	v( -0.09 0.06 -0.208 )
	v( -0.111 0.069 -0.208 )
	v( -0.111 0.069 -0.196 )
	v( -0.12 0.09 -0.196 )
	v( -0.111 0.069 -0.208 )
	v( -0.12 0.09 -0.208 )
	v( -0.12 0.09 -0.196 )
	v( -0.111 0.111 -0.196 )
	v( -0.111 0.111 -0.208 )
	v( -0.12 0.09 -0.208 )
	v( -0.111 0.111 -0.208 )
	v( -0.111 0.111 -0.196 )
	v( -0.09 0.12 -0.208 )
	v( -0.09 0.12 -0.196 )
	v( -0.09 0.12 -0.208 )
	v( -0.09 0.12 -0.196 )
	v( -0.069 0.111 -0.208 )
	v( -0.069 0.111 -0.196 )
	v( -0.15 -0.3 0.21 )
	v( 0.15 -0.3 0.21 )
	v( 0.15 -0.3 -0.21 )
	v( -0.15 -0.3 -0.21 )
	v( -0.15 -0.6 -0.21 )
	v( -0.15 -0.6 0.21 )
	v( -0.15 -0.3 -0.21 )
	v( -0.15 -0.3 0.21 )
	v( 0.15 -0.6 -0.21 )
	v( 0.15 -0.6 0.21 )
	v( -0.15 -0.6 -0.21 )
	v( -0.15 -0.6 0.21 )
	v( 0.15 -0.3 0.21 )
	v( -0.15 -0.3 0.21 )
	v( -0.15 -0.6 0.21 )
	v( 0.15 -0.6 0.21 )
	v( -0.15 0.6 0.21 )
	v( 0.15 0.6 0.21 )
	v( 0.15 0.6 -0.21 )
	v( -0.15 0.6 -0.21 )
	v( -0.15 0.3 -0.21 )
	v( -0.15 0.3 0.21 )
	v( -0.15 0.6 -0.21 )
	v( -0.15 0.6 0.21 )
	v( 0.15 0.3 -0.21 )
	v( 0.15 0.3 0.21 )
	v( -0.15 0.3 -0.21 )
	v( -0.15 0.3 0.21 )
	v( 0.15 0.6 0.21 )
	v( -0.15 0.6 0.21 )
	v( -0.15 0.3 0.21 )
	v( 0.15 0.3 0.21 )
	v( 0.15 0.15 0.21 )
	v( 0.15 0.15 -0.195 )
	v( -0.15 0.15 -0.195 )
	v( -0.15 0.15 0.21 )
	v( -0.15 -0.15 -0.195 )
	v( -0.15 -0.15 0.21 )
	v( -0.15 0.15 -0.195 )
	v( -0.15 0.15 0.21 )
	v( 0.15 -0.15 -0.195 )
	v( 0.15 -0.15 0.21 )
	v( -0.15 -0.15 -0.195 )
	v( -0.15 -0.15 0.21 )
	v( 0.15 -0.15 0.21 )
	v( 0.15 0.15 0.21 )
	v( -0.15 0.15 0.21 )
	v( -0.15 -0.15 0.21 )
	v( -0.15 0.15 -0.195 )
	v( 0.15 0.15 -0.195 )
	v( 0.15 -0.15 -0.195 )
	v( -0.15 -0.15 -0.195 )
	n( 0.383 -0.924 0 )
	n( 0.383 -0.924 0 )
	n( 0.383 -0.924 0 )
	n( 0.383 -0.924 0 )
	n( -0.383 -0.924 0 )
	n( -0.383 -0.924 0 )
	n( -0.383 -0.924 0 )
	n( -0.383 -0.924 0 )
	n( -0.924 -0.383 0 )
	n( -0.924 -0.383 0 )
	n( -0.924 -0.383 0 )
	n( -0.924 -0.383 0 )
	n( -0.924 0.383 0 )
	n( -0.924 0.383 0 )
	n( -0.924 0.383 0 )
	n( -0.924 0.383 0 )
	n( -0.383 0.924 0 )
	n( -0.383 0.924 0 )
	n( -0.383 0.924 0 )
	n( -0.383 0.924 0 )
	n( 0.383 0.924 0 )
	n( 0.383 0.924 0 )
	n( 0.383 0.924 0 )
	n( 0.383 0.924 0 )
	n( 0.383 -0.924 0 )
	n( 0.383 -0.924 0 )
	n( 0.383 -0.924 0 )
	n( 0.383 -0.924 0 )
	n( -0.383 -0.924 0 )
	n( -0.383 -0.924 0 )
	n( -0.383 -0.924 0 )
	n( -0.383 -0.924 0 )
	n( -0.924 -0.383 0 )
	n( -0.924 -0.383 0 )
	n( -0.924 -0.383 0 )
	n( -0.924 -0.383 0 )
	n( -0.924 0.383 0 )
	n( -0.924 0.383 0 )
	n( -0.924 0.383 0 )
	n( -0.924 0.383 0 )
	n( -0.383 0.924 0 )
	n( -0.383 0.924 0 )
	n( -0.383 0.924 0 )
	n( -0.383 0.924 0 )
	n( 0.383 0.924 0 )
	n( 0.383 0.924 0 )
	n( 0.383 0.924 0 )
	n( 0.383 0.924 0 )
	n( 0.383 -0.924 0 )
	n( 0.383 -0.924 0 )
	n( 0.383 -0.924 0 )
	n( 0.383 -0.924 0 )
	n( -0.383 -0.924 0 )
	n( -0.383 -0.924 0 )
	n( -0.383 -0.924 0 )
	n( -0.383 -0.924 0 )
	n( -0.924 -0.383 0 )
	n( -0.924 -0.383 0 )
	n( -0.924 -0.383 0 )
	n( -0.924 -0.383 0 )
	n( -0.924 0.383 0 )
	n( -0.924 0.383 0 )
	n( -0.924 0.383 0 )
	n( -0.924 0.383 0 )
	n( -0.383 0.924 0 )
	n( -0.383 0.924 0 )
	n( -0.383 0.924 0 )
	n( -0.383 0.924 0 )
	n( 0.383 0.924 0 )
	n( 0.383 0.924 0 )
	n( 0.383 0.924 0 )
	n( 0.383 0.924 0 )
	n( 0.383 -0.924 0 )
	n( 0.383 -0.924 0 )
	n( 0.383 -0.924 0 )
	n( 0.383 -0.924 0 )
	n( -0.383 -0.924 0 )
	n( -0.383 -0.924 0 )
	n( -0.383 -0.924 0 )
	n( -0.383 -0.924 0 )
	n( -0.924 -0.383 0 )
	n( -0.924 -0.383 0 )
	n( -0.924 -0.383 0 )
	n( -0.924 -0.383 0 )
	n( -0.924 0.383 0 )
	n( -0.924 0.383 0 )
	n( -0.924 0.383 0 )
	n( -0.924 0.383 0 )
	n( -0.383 0.924 0 )
	n( -0.383 0.924 0 )
	n( -0.383 0.924 0 )
	n( -0.383 0.924 0 )
	n( 0.383 0.924 0 )
	n( 0.383 0.924 0 )
	n( 0.383 0.924 0 )
	n( 0.383 0.924 0 )
	n( 0 1 0 )
	n( 0 1 0 )
	n( 0 1 0 )
	n( 0 1 0 )
	n( -1 0 0 )
	n( -1 0 0 )
	n( -1 0 0 )
	n( -1 0 0 )
	n( 0 -1 0 )
	n( 0 -1 0 )
	n( 0 -1 0 )
	n( 0 -1 0 )
	n( 0 0 1 )
	n( 0 0 1 )
	n( 0 0 1 )
	n( 0 0 1 )
	n( 0 1 0 )
	n( 0 1 0 )
	n( 0 1 0 )
	n( 0 1 0 )
	n( -1 0 0 )
	n( -1 0 0 )
	n( -1 0 0 )
	n( -1 0 0 )
	n( 0 -1 0 )
	n( 0 -1 0 )
	n( 0 -1 0 )
	n( 0 -1 0 )
	n( 0 0 1 )
	n( 0 0 1 )
	n( 0 0 1 )
	n( 0 0 1 )
	n( 0 1 0 )
	n( 0 1 0 )
	n( 0 1 0 )
	n( 0 1 0 )
	n( -1 0 0 )
	n( -1 0 0 )
	n( -1 0 0 )
	n( -1 0 0 )
	n( 0 -1 0 )
	n( 0 -1 0 )
	n( 0 -1 0 )
	n( 0 -1 0 )
	n( 0 0 1 )
	n( 0 0 1 )
	n( 0 0 1 )
	n( 0 0 1 )
	n( 0 0 -1 )
	n( 0 0 -1 )
	n( 0 0 -1 )
	n( 0 0 -1 )
	u0( 0.526 0.599 )
	u0( 0.532 0.599 )
	u0( 0.526 0.623 )
	u0( 0.532 0.623 )
	u0( 0.532 0.599 )
	u0( 0.526 0.599 )
	u0( 0.532 0.623 )
	u0( 0.526 0.623 )
	u0( 0.526 0.599 )
	u0( 0.51 0.599 )
	u0( 0.526 0.623 )
	u0( 0.51 0.623 )
	u0( 0.51 0.599 )
	u0( 0.494 0.599 )
	u0( 0.494 0.623 )
	u0( 0.51 0.623 )
	u0( 0.494 0.623 )
	u0( 0.494 0.599 )
	u0( 0.487 0.623 )
	u0( 0.487 0.599 )
	u0( 0.487 0.623 )
	u0( 0.487 0.599 )
	u0( 0.494 0.623 )
	u0( 0.494 0.599 )
	u0( 0.526 0.599 )
	u0( 0.532 0.599 )
	u0( 0.526 0.623 )
	u0( 0.532 0.623 )
	u0( 0.532 0.599 )
	u0( 0.526 0.599 )
	u0( 0.532 0.623 )
	u0( 0.526 0.623 )
	u0( 0.526 0.599 )
	u0( 0.51 0.599 )
	u0( 0.526 0.623 )
	u0( 0.51 0.623 )
	u0( 0.51 0.599 )
	u0( 0.494 0.599 )
	u0( 0.494 0.623 )
	u0( 0.51 0.623 )
	u0( 0.494 0.623 )
	u0( 0.494 0.599 )
	u0( 0.487 0.623 )
	u0( 0.487 0.599 )
	u0( 0.487 0.623 )
	u0( 0.487 0.599 )
	u0( 0.494 0.623 )
	u0( 0.494 0.599 )
	u0( 0.526 0.599 )
	u0( 0.532 0.599 )
	u0( 0.526 0.623 )
	u0( 0.532 0.623 )
	u0( 0.532 0.599 )
	u0( 0.526 0.599 )
	u0( 0.532 0.623 )
	u0( 0.526 0.623 )
	u0( 0.526 0.599 )
	u0( 0.51 0.599 )
	u0( 0.526 0.623 )
	u0( 0.51 0.623 )
	u0( 0.51 0.599 )
	u0( 0.494 0.599 )
	u0( 0.494 0.623 )
	u0( 0.51 0.623 )
	u0( 0.494 0.623 )
	u0( 0.494 0.599 )
	u0( 0.487 0.623 )
	u0( 0.487 0.599 )
	u0( 0.487 0.623 )
	u0( 0.487 0.599 )
	u0( 0.494 0.623 )
	u0( 0.494 0.599 )
	u0( 0.526 0.599 )
	u0( 0.532 0.599 )
	u0( 0.526 0.623 )
	u0( 0.532 0.623 )
	u0( 0.532 0.599 )
	u0( 0.526 0.599 )
	u0( 0.532 0.623 )
	u0( 0.526 0.623 )
	u0( 0.526 0.599 )
	u0( 0.51 0.599 )
	u0( 0.526 0.623 )
	u0( 0.51 0.623 )
	u0( 0.51 0.599 )
	u0( 0.494 0.599 )
	u0( 0.494 0.623 )
	u0( 0.51 0.623 )
	u0( 0.494 0.623 )
	u0( 0.494 0.599 )
	u0( 0.487 0.623 )
	u0( 0.487 0.599 )
	u0( 0.487 0.623 )
	u0( 0.487 0.599 )
	u0( 0.494 0.623 )
	u0( 0.494 0.599 )
	u0( 0.011 0.052 )
	u0( 0.011 0.052 )
	u0( 0.011 0.667 )
	u0( 0.011 0.667 )
	u0( 0.473 0.667 )
	u0( 0.473 0.052 )
	u0( 0.011 0.667 )
	u0( 0.011 0.052 )
	u0( 0.473 0.667 )
	u0( 0.473 0.052 )
	u0( 0.473 0.667 )
	u0( 0.473 0.052 )
	u0( 0.011 0.052 )
	u0( 0.011 0.052 )
	u0( 0.473 0.052 )
	u0( 0.473 0.052 )
	u0( 0.011 0.052 )
	u0( 0.011 0.052 )
	u0( 0.011 0.667 )
	u0( 0.011 0.667 )
	u0( 0.473 0.667 )
	u0( 0.473 0.052 )
	u0( 0.011 0.667 )
	u0( 0.011 0.052 )
	u0( 0.473 0.667 )
	u0( 0.473 0.052 )
	u0( 0.473 0.667 )
	u0( 0.473 0.052 )
	u0( 0.011 0.052 )
	u0( 0.011 0.052 )
	u0( 0.473 0.052 )
	u0( 0.473 0.052 )
	u0( 0.666 0.418 )
	u0( 0.739 0.418 )
	u0( 0.739 0.344 )
	u0( 0.666 0.344 )
	u0( 1.003 0.66 )
	u0( 1.003 0.05 )
	u0( 0.536 0.66 )
	u0( 0.536 0.051 )
	u0( 0.739 0.344 )
	u0( 0.666 0.344 )
	u0( 0.739 0.418 )
	u0( 0.666 0.418 )
	u0( 0.956 0.03 )
	u0( 0.573 0.03 )
	u0( 0.541 0.052 )
	u0( 0.992 0.052 )
	u0( 0.666 0.418 )
	u0( 0.739 0.418 )
	u0( 0.739 0.344 )
	u0( 0.666 0.344 )
	ng( 1 )
	g( "null" )
	mt( "material/hiFi" )
	ni( 78 4 )
	i( 3 96 97 98 )
	i( 3 96 98 99 )
	i( 3 100 101 102 )
	i( 3 101 103 102 )
	i( 3 104 105 106 )
	i( 3 105 107 106 )
	i( 3 108 109 110 )
	i( 3 108 110 111 )
	i( 3 112 113 114 )
	i( 3 112 114 115 )
	i( 3 116 117 118 )
	i( 3 117 119 118 )
	i( 3 120 121 122 )
	i( 3 121 123 122 )
	i( 3 124 125 126 )
	i( 3 124 126 127 )
	i( 3 128 129 130 )
	i( 3 128 130 131 )
	i( 3 132 133 134 )
	i( 3 133 135 134 )
	i( 3 136 137 138 )
	i( 3 137 139 138 )
	i( 3 140 141 142 )
	i( 3 140 142 143 )
	i( 3 144 145 146 )
	i( 3 144 146 147 )
}
