object( "object/lightTrack" )
{
	l( 0.159 -3.325 3.526 )
	ra( 0.687 )
	di( 0.02 0.685 0.055 )
	vb( 1632 816 0 0 0 )
	v( 0.006 -0.171 -0.055 )
	v( 0.004 -0.167 -0.055 )
	v( 0.004 -0.167 0.035 )
	v( 0.006 -0.171 0.035 )
	v( 0.002 -0.174 0.035 )
	v( 0.002 -0.174 -0.055 )
	v( -0.004 -0.173 0.035 )
	v( -0.004 -0.173 -0.055 )
	v( -0.006 -0.169 0.035 )
	v( -0.006 -0.169 -0.055 )
	v( -0.002 -0.166 0.035 )
	v( -0.002 -0.166 -0.055 )
	v( 0.004 0.173 0.035 )
	v( 0.006 0.169 0.035 )
	v( 0.006 0.169 -0.055 )
	v( 0.004 0.173 -0.055 )
	v( 0.002 0.166 0.035 )
	v( 0.002 0.166 -0.055 )
	v( -0.004 0.167 0.035 )
	v( -0.004 0.167 -0.055 )
	v( -0.006 0.171 0.035 )
	v( -0.006 0.171 -0.055 )
	v( -0.002 0.174 0.035 )
	v( -0.002 0.174 -0.055 )
	v( 0.004 0.503 0.035 )
	v( 0.006 0.499 0.035 )
	v( 0.006 0.499 -0.055 )
	v( 0.004 0.503 -0.055 )
	v( 0.002 0.496 0.035 )
	v( 0.002 0.496 -0.055 )
	v( -0.004 0.497 0.035 )
	v( -0.004 0.497 -0.055 )
	v( -0.006 0.501 0.035 )
	v( -0.006 0.501 -0.055 )
	v( -0.002 0.504 0.035 )
	v( -0.002 0.504 -0.055 )
	v( 0.004 -0.497 0.035 )
	v( 0.006 -0.501 0.035 )
	v( 0.006 -0.501 -0.055 )
	v( 0.004 -0.497 -0.055 )
	v( 0.002 -0.504 0.035 )
	v( 0.002 -0.504 -0.055 )
	v( -0.004 -0.503 0.035 )
	v( -0.004 -0.503 -0.055 )
	v( -0.006 -0.499 0.035 )
	v( -0.006 -0.499 -0.055 )
	v( -0.002 -0.496 0.035 )
	v( -0.002 -0.496 -0.055 )
	v( 0.02 -0.685 0.035 )
	v( -0.02 -0.685 0.035 )
	v( -0.02 0.685 0.035 )
	v( 0.02 0.685 0.035 )
	v( 0.02 0.685 0.055 )
	v( 0.02 -0.685 0.055 )
	v( 0.02 -0.685 0.035 )
	v( 0.02 0.685 0.035 )
	v( 0.02 -0.685 0.055 )
	v( -0.02 -0.685 0.055 )
	v( -0.02 -0.685 0.035 )
	v( 0.02 -0.685 0.035 )
	v( -0.02 -0.685 0.055 )
	v( -0.02 0.685 0.055 )
	v( -0.02 0.685 0.035 )
	v( -0.02 -0.685 0.035 )
	v( 0.02 0.685 0.035 )
	v( -0.02 0.685 0.035 )
	v( -0.02 0.685 0.055 )
	v( 0.02 0.685 0.055 )
	n( 0.999 -0.039 0 )
	n( 0.484 0.875 0 )
	n( 0.766 0.643 0 )
	n( 0.848 -0.53 0 )
	n( 0.073 -0.997 0 )
	n( 0.338 -0.941 0 )
	n( -0.766 -0.643 0 )
	n( -0.484 -0.875 0 )
	n( -0.848 0.53 0 )
	n( -0.999 0.039 0 )
	n( -0.073 0.997 0 )
	n( -0.338 0.941 0 )
	n( 0.766 0.643 0 )
	n( 0.848 -0.53 0 )
	n( 0.999 -0.039 0 )
	n( 0.484 0.875 0 )
	n( 0.073 -0.997 0 )
	n( 0.338 -0.941 0 )
	n( -0.766 -0.643 0 )
	n( -0.484 -0.875 0 )
	n( -0.848 0.53 0 )
	n( -0.999 0.039 0 )
	n( -0.073 0.997 0 )
	n( -0.338 0.941 0 )
	n( 0.766 0.643 0 )
	n( 0.848 -0.53 0 )
	n( 0.999 -0.039 0 )
	n( 0.484 0.875 0 )
	n( 0.073 -0.997 0 )
	n( 0.338 -0.941 0 )
	n( -0.766 -0.643 0 )
	n( -0.484 -0.875 0 )
	n( -0.848 0.53 0 )
	n( -0.999 0.039 0 )
	n( -0.073 0.997 0 )
	n( -0.338 0.941 0 )
	n( 0.766 0.643 0 )
	n( 0.848 -0.53 0 )
	n( 0.999 -0.039 0 )
	n( 0.484 0.875 0 )
	n( 0.073 -0.997 0 )
	n( 0.338 -0.941 0 )
	n( -0.766 -0.643 0 )
	n( -0.484 -0.875 0 )
	n( -0.848 0.53 0 )
	n( -0.999 0.039 0 )
	n( -0.073 0.997 0 )
	n( -0.338 0.941 0 )
	n( 0 0 -1 )
	n( 0 0 -1 )
	n( 0 0 -1 )
	n( 0 0 -1 )
	n( 1 0 0 )
	n( 1 0 0 )
	n( 1 0 0 )
	n( 1 0 0 )
	n( 0 -1 0 )
	n( 0 -1 0 )
	n( 0 -1 0 )
	n( 0 -1 0 )
	n( -1 0 0 )
	n( -1 0 0 )
	n( -1 0 0 )
	n( -1 0 0 )
	n( 0 1 0 )
	n( 0 1 0 )
	n( 0 1 0 )
	n( 0 1 0 )
	ng( 1 )
	g( "null" )
	mt( "material/blackMetalShelf" )
	ni( 99 5 )
	i( 3 49 49 48 )
	i( 3 50 51 51 )
	i( 3 36 36 36 )
	i( 3 37 38 37 )
	i( 3 41 40 43 )
	i( 3 42 45 44 )
	i( 3 47 46 39 )
	i( 3 36 38 38 )
	i( 3 65 65 64 )
	i( 3 66 67 67 )
	i( 3 61 61 60 )
	i( 3 62 63 63 )
	i( 3 57 57 56 )
	i( 3 58 59 59 )
	i( 3 53 53 52 )
	i( 3 54 55 55 )
	i( 3 7 7 4 )
	i( 3 5 3 0 )
	i( 3 2 1 10 )
	i( 3 11 8 9 )
	i( 3 6 7 4 )
	i( 3 4 12 12 )
	i( 3 12 13 14 )
	i( 3 13 17 16 )
	i( 3 19 18 21 )
	i( 3 20 23 22 )
	i( 3 15 12 14 )
	i( 3 14 24 24 )
	i( 3 24 25 26 )
	i( 3 25 29 28 )
	i( 3 31 30 33 )
	i( 3 32 35 34 )
	i( 3 27 24 26 )
}
