object( "object/lightTrack2" )
{
	l( 0.159 1.975 3.526 )
	ra( 0.687 )
	di( 0.02 0.685 0.055 )
	vb( 1632 816 0 0 0 )
	v( -0.02 0.685 0.035 )
	v( -0.02 0.685 0.055 )
	v( 0.02 0.685 0.055 )
	v( 0.02 0.685 0.035 )
	v( -0.02 0.685 0.055 )
	v( -0.02 0.685 0.035 )
	v( -0.02 -0.685 0.035 )
	v( -0.02 -0.685 0.055 )
	v( -0.02 -0.685 0.055 )
	v( -0.02 -0.685 0.035 )
	v( 0.02 -0.685 0.035 )
	v( 0.02 -0.685 0.055 )
	v( 0.02 -0.685 0.055 )
	v( 0.02 -0.685 0.035 )
	v( 0.02 0.685 0.035 )
	v( 0.02 0.685 0.055 )
	v( -0.02 -0.685 0.035 )
	v( -0.02 0.685 0.035 )
	v( 0.02 0.685 0.035 )
	v( 0.02 -0.685 0.035 )
	v( -0.002 -0.496 -0.055 )
	v( -0.002 -0.496 0.035 )
	v( 0.004 -0.497 0.035 )
	v( 0.004 -0.497 -0.055 )
	v( -0.006 -0.499 -0.055 )
	v( -0.006 -0.499 0.035 )
	v( -0.004 -0.503 -0.055 )
	v( -0.004 -0.503 0.035 )
	v( 0.002 -0.504 -0.055 )
	v( 0.002 -0.504 0.035 )
	v( 0.006 -0.501 -0.055 )
	v( 0.006 -0.501 0.035 )
	v( -0.002 0.504 -0.055 )
	v( -0.002 0.504 0.035 )
	v( 0.004 0.503 0.035 )
	v( 0.004 0.503 -0.055 )
	v( -0.006 0.501 -0.055 )
	v( -0.006 0.501 0.035 )
	v( -0.004 0.497 -0.055 )
	v( -0.004 0.497 0.035 )
	v( 0.002 0.496 -0.055 )
	v( 0.002 0.496 0.035 )
	v( 0.006 0.499 -0.055 )
	v( 0.006 0.499 0.035 )
	v( -0.002 0.174 -0.055 )
	v( -0.002 0.174 0.035 )
	v( 0.004 0.173 0.035 )
	v( 0.004 0.173 -0.055 )
	v( -0.006 0.171 -0.055 )
	v( -0.006 0.171 0.035 )
	v( -0.004 0.167 -0.055 )
	v( -0.004 0.167 0.035 )
	v( 0.002 0.166 -0.055 )
	v( 0.002 0.166 0.035 )
	v( 0.006 0.169 -0.055 )
	v( 0.006 0.169 0.035 )
	v( 0.004 -0.167 0.035 )
	v( 0.004 -0.167 -0.055 )
	v( -0.002 -0.166 -0.055 )
	v( -0.002 -0.166 0.035 )
	v( -0.006 -0.169 -0.055 )
	v( -0.006 -0.169 0.035 )
	v( -0.004 -0.173 -0.055 )
	v( -0.004 -0.173 0.035 )
	v( 0.002 -0.174 -0.055 )
	v( 0.002 -0.174 0.035 )
	v( 0.006 -0.171 -0.055 )
	v( 0.006 -0.171 0.035 )
	n( 0 1 0 )
	n( 0 1 0 )
	n( 0 1 0 )
	n( 0 1 0 )
	n( -1 0 0 )
	n( -1 0 0 )
	n( -1 0 0 )
	n( -1 0 0 )
	n( 0 -1 0 )
	n( 0 -1 0 )
	n( 0 -1 0 )
	n( 0 -1 0 )
	n( 1 0 0 )
	n( 1 0 0 )
	n( 1 0 0 )
	n( 1 0 0 )
	n( 0 0 -1 )
	n( 0 0 -1 )
	n( 0 0 -1 )
	n( 0 0 -1 )
	n( -0.073 0.997 0 )
	n( -0.338 0.941 0 )
	n( 0.484 0.875 0 )
	n( 0.766 0.643 0 )
	n( -0.848 0.53 0 )
	n( -0.999 0.039 0 )
	n( -0.766 -0.643 0 )
	n( -0.484 -0.875 0 )
	n( 0.073 -0.997 0 )
	n( 0.338 -0.941 0 )
	n( 0.848 -0.53 0 )
	n( 0.999 -0.039 0 )
	n( -0.073 0.997 0 )
	n( -0.338 0.941 0 )
	n( 0.484 0.875 0 )
	n( 0.766 0.643 0 )
	n( -0.848 0.53 0 )
	n( -0.999 0.039 0 )
	n( -0.766 -0.643 0 )
	n( -0.484 -0.875 0 )
	n( 0.073 -0.997 0 )
	n( 0.338 -0.941 0 )
	n( 0.848 -0.53 0 )
	n( 0.999 -0.039 0 )
	n( -0.073 0.997 0 )
	n( -0.338 0.941 0 )
	n( 0.484 0.875 0 )
	n( 0.766 0.643 0 )
	n( -0.848 0.53 0 )
	n( -0.999 0.039 0 )
	n( -0.766 -0.643 0 )
	n( -0.484 -0.875 0 )
	n( 0.073 -0.997 0 )
	n( 0.338 -0.941 0 )
	n( 0.848 -0.53 0 )
	n( 0.999 -0.039 0 )
	n( 0.484 0.875 0 )
	n( 0.766 0.643 0 )
	n( -0.073 0.997 0 )
	n( -0.338 0.941 0 )
	n( -0.848 0.53 0 )
	n( -0.999 0.039 0 )
	n( -0.766 -0.643 0 )
	n( -0.484 -0.875 0 )
	n( 0.073 -0.997 0 )
	n( 0.338 -0.941 0 )
	n( 0.848 -0.53 0 )
	n( 0.999 -0.039 0 )
	ng( 1 )
	g( "null" )
	mt( "material/blackMetalShelf" )
	ni( 95 5 )
	i( 3 5 5 4 )
	i( 3 6 7 7 )
	i( 3 20 20 20 )
	i( 3 22 23 31 )
	i( 3 30 29 28 )
	i( 3 27 26 25 )
	i( 3 24 21 20 )
	i( 3 22 22 33 )
	i( 3 33 33 32 )
	i( 3 34 35 43 )
	i( 3 42 41 40 )
	i( 3 39 38 37 )
	i( 3 36 33 32 )
	i( 3 32 45 45 )
	i( 3 44 46 47 )
	i( 3 55 54 53 )
	i( 3 52 51 50 )
	i( 3 49 48 45 )
	i( 3 44 44 57 )
	i( 3 57 56 58 )
	i( 3 59 60 61 )
	i( 3 62 63 64 )
	i( 3 65 66 67 )
	i( 3 57 56 56 )
	i( 3 9 9 8 )
	i( 3 10 11 11 )
	i( 3 13 13 12 )
	i( 3 14 15 15 )
	i( 3 17 17 16 )
	i( 3 18 19 19 )
	i( 3 1 1 0 )
	i( 2 2 3 )
}
