object( "object/openFeintPlant" )
{
	l( 3.689 -4.136 2.179 )
	ra( 0.526 )
	fl( 1 )
	b( 2 )
	di( 0.324 0.296 0.289 )
	displayName( "OpenFeint Plant" )
	pathSuffix( "DisplayCase" )
	tag( 1 )
	vb( 28224 10584 0 21168 0 )
	v( -0.089 -0.079 -0.191 )
	v( -0.13 -0.029 -0.174 )
	v( -0.098 -0.067 -0.206 )
	v( -0.098 -0.056 -0.222 )
	v( -0.131 -0.018 -0.19 )
	v( -0.102 -0.04 -0.234 )
	v( -0.127 0.036 -0.201 )
	v( -0.138 0.018 -0.155 )
	v( -0.125 0.052 -0.19 )
	v( -0.093 0.069 -0.234 )
	v( -0.086 0.084 -0.222 )
	v( -0.084 0.095 -0.206 )
	v( -0.122 0.063 -0.174 )
	v( -0.073 0.105 -0.191 )
	v( -0.127 0.088 -0.084 )
	v( -0.139 0.054 -0.12 )
	v( -0.134 0.072 -0.074 )
	v( -0.139 0.056 -0.064 )
	v( -0.142 0.038 -0.11 )
	v( -0.145 0.038 -0.061 )
	v( -0.149 0 -0.061 )
	v( -0.145 -0.001 -0.11 )
	v( -0.146 -0.02 -0.064 )
	v( -0.143 -0.036 -0.074 )
	v( -0.145 -0.017 -0.12 )
	v( -0.14 -0.053 -0.084 )
	v( -0.138 0.018 -0.024 )
	v( -0.122 0.016 -0.051 )
	v( -0.12 0.04 -0.051 )
	v( -0.123 0.068 -0.024 )
	v( -0.109 0.061 -0.051 )
	v( -0.098 0.082 -0.051 )
	v( 0.118 0.019 -0.051 )
	v( 0.115 -0.004 -0.051 )
	v( 0.131 -0.006 -0.024 )
	v( 0.114 -0.028 -0.051 )
	v( 0.102 -0.049 -0.051 )
	v( 0.117 -0.056 -0.024 )
	v( -0.048 -0.014 0.169 )
	v( -0.058 -0.043 0.22 )
	v( -0.033 -0.044 0.22 )
	v( 0.015 -0.035 0.223 )
	v( 0.039 -0.027 0.226 )
	v( 0.024 -0.002 0.174 )
	v( -0.062 -0.084 0.26 )
	v( -0.057 -0.132 0.283 )
	v( -0.03 -0.127 0.28 )
	v( 0.03 -0.117 0.283 )
	v( 0.062 -0.111 0.289 )
	v( 0.052 -0.064 0.267 )
	v( -0.044 -0.182 0.281 )
	v( 0.068 -0.163 0.286 )
	v( -0.002 -0.225 0.259 )
	v( -0.024 -0.229 0.261 )
	v( 0.001 -0.265 0.229 )
	v( 0.049 -0.284 0.189 )
	v( 0.057 -0.283 0.184 )
	v( 0.064 -0.254 0.225 )
	v( 0.004 0.023 0.048 )
	v( 0 0.025 -0.002 )
	v( -0.004 0.02 -0.018 )
	v( -0.015 0.016 -0.018 )
	v( -0.021 0.017 -0.003 )
	v( -0.027 0.015 0.047 )
	v( -0.048 0.006 -0.025 )
	v( -0.059 0.002 -0.003 )
	v( -0.052 -0.008 -0.004 )
	v( -0.034 -0.024 -0.004 )
	v( -0.023 -0.03 -0.004 )
	v( -0.021 -0.02 -0.025 )
	v( -0.068 -0.004 0.012 )
	v( -0.075 -0.013 0.021 )
	v( -0.066 -0.021 0.023 )
	v( -0.044 -0.035 0.023 )
	v( -0.031 -0.041 0.021 )
	v( -0.025 -0.035 0.011 )
	v( -0.079 -0.024 0.023 )
	v( -0.083 -0.038 0.02 )
	v( -0.078 -0.044 0.021 )
	v( -0.067 -0.058 0.026 )
	v( -0.061 -0.064 0.03 )
	v( -0.045 -0.053 0.028 )
	v( -0.087 -0.052 0.01 )
	v( -0.081 -0.069 0.002 )
	v( -0.078 -0.07 0.006 )
	v( -0.072 -0.069 0.021 )
	v( -0.019 -0.009 -0.062 )
	v( -0.022 -0.009 -0.07 )
	v( -0.03 -0.011 -0.072 )
	v( -0.038 -0.003 -0.072 )
	v( -0.037 0.005 -0.07 )
	v( -0.036 0.008 -0.062 )
	v( 0.012 0.031 -0.006 )
	v( 0.024 0.044 0.027 )
	v( 0.011 0.051 0.026 )
	v( -0.018 0.055 0.027 )
	v( -0.033 0.053 0.029 )
	v( -0.032 0.039 -0.004 )
	v( 0.036 0.063 0.048 )
	v( 0.044 0.086 0.057 )
	v( 0.027 0.089 0.056 )
	v( 0.045 0.109 0.053 )
	v( 0.043 0.133 0.043 )
	v( 0.033 0.137 0.045 )
	v( 0.042 0.158 0.033 )
	v( 0.011 0.165 0.048 )
	v( 0 0.15 0.058 )
	v( 0.011 0.146 0.052 )
	v( -0.028 0.03 -0.056 )
	v( -0.025 0.032 -0.066 )
	v( -0.018 0.038 -0.069 )
	v( -0.005 0.035 -0.069 )
	v( -0.002 0.026 -0.066 )
	v( 0 0.022 -0.056 )
	v( -0.037 0.048 0.012 )
	v( -0.047 0.065 0.03 )
	v( -0.057 0.057 0.029 )
	v( -0.073 0.04 0.03 )
	v( -0.08 0.029 0.031 )
	v( -0.064 0.021 0.011 )
	v( -0.06 0.083 0.037 )
	v( -0.075 0.1 0.037 )
	v( -0.083 0.089 0.041 )
	v( -0.102 0.067 0.048 )
	v( -0.112 0.057 0.052 )
	v( -0.096 0.041 0.046 )
	v( -0.092 0.111 0.031 )
	v( -0.129 0.076 0.045 )
	v( -0.116 0.111 0.022 )
	v( -0.109 0.117 0.02 )
	v( -0.125 0.123 0.005 )
	v( -0.143 0.116 -0.005 )
	v( -0.145 0.113 0 )
	v( -0.145 0.105 0.017 )
	v( -0.042 0.012 -0.033 )
	v( -0.038 0.012 -0.05 )
	v( -0.038 0.019 -0.058 )
	v( -0.03 0.026 -0.061 )
	v( -0.024 0.026 -0.054 )
	v( -0.025 0.029 -0.035 )
	v( -0.023 -0.028 -0.01 )
	v( -0.02 -0.039 0.019 )
	v( -0.007 -0.032 0.018 )
	v( 0.014 -0.013 0.018 )
	v( 0.023 -0.001 0.018 )
	v( 0.013 0.003 -0.011 )
	v( -0.01 -0.054 0.042 )
	v( 0.005 -0.071 0.056 )
	v( 0.016 -0.061 0.054 )
	v( 0.04 -0.04 0.053 )
	v( 0.053 -0.027 0.054 )
	v( 0.037 -0.011 0.041 )
	v( 0.025 -0.09 0.059 )
	v( 0.07 -0.049 0.057 )
	v( 0.057 -0.099 0.051 )
	v( 0.048 -0.107 0.053 )
	v( 0.07 -0.118 0.039 )
	v( 0.098 -0.117 0.019 )
	v( 0.102 -0.115 0.016 )
	v( 0.096 -0.096 0.034 )
	v( 0.003 0.003 -0.056 )
	v( 0.001 0 -0.066 )
	v( -0.001 -0.009 -0.067 )
	v( -0.004 -0.018 -0.052 )
	v( -0.005 -0.018 -0.065 )
	v( -0.011 -0.021 -0.065 )
	v( 0.011 0.054 0.142 )
	v( 0.007 0.084 0.193 )
	v( -0.018 0.077 0.191 )
	v( -0.066 0.052 0.191 )
	v( -0.087 0.035 0.192 )
	v( -0.062 0.017 0.141 )
	v( -0.006 0.122 0.23 )
	v( -0.027 0.163 0.249 )
	v( -0.052 0.151 0.245 )
	v( -0.106 0.123 0.244 )
	v( -0.135 0.107 0.247 )
	v( -0.112 0.066 0.229 )
	v( -0.055 0.207 0.246 )
	v( -0.156 0.155 0.243 )
	v( -0.107 0.236 0.222 )
	v( -0.087 0.247 0.226 )
	v( -0.12 0.275 0.193 )
	v( -0.169 0.279 0.15 )
	v( -0.176 0.276 0.145 )
	v( -0.176 0.245 0.184 )
	v( -0.026 0.002 0.002 )
	v( -0.017 0.003 -0.058 )
	v( -0.012 0.011 -0.076 )
	v( -0.002 0.02 -0.076 )
	v( 0.005 0.019 -0.057 )
	v( 0.008 0.022 0.004 )
	v( -0.053 0.005 0.133 )
	v( -0.074 -0.014 0.172 )
	v( -0.055 -0.026 0.172 )
	v( -0.013 -0.042 0.175 )
	v( 0.01 -0.047 0.176 )
	v( 0.011 -0.022 0.133 )
	v( -0.097 -0.046 0.195 )
	v( -0.115 -0.083 0.204 )
	v( -0.09 -0.088 0.211 )
	v( -0.039 -0.103 0.226 )
	v( -0.014 -0.112 0.233 )
	v( 0.002 -0.076 0.212 )
	v( -0.123 -0.122 0.201 )
	v( -0.036 -0.155 0.231 )
	v( -0.108 -0.167 0.193 )
	v( -0.124 -0.159 0.189 )
	v( -0.124 -0.195 0.168 )
	v( -0.101 -0.227 0.153 )
	v( -0.093 -0.226 0.162 )
	v( -0.078 -0.215 0.192 )
	v( 0.006 0.005 0.042 )
	v( 0 0.007 0.01 )
	v( -0.011 0.002 -0.003 )
	v( -0.026 0.008 -0.008 )
	v( -0.028 0.019 0.002 )
	v( -0.03 0.021 0.037 )
	v( 0.008 -0.042 0.156 )
	v( 0.036 -0.06 0.216 )
	v( 0.043 -0.033 0.215 )
	v( 0.041 0.021 0.216 )
	v( 0.031 0.049 0.22 )
	v( 0.006 0.042 0.159 )
	v( 0.075 -0.074 0.257 )
	v( 0.119 -0.081 0.274 )
	v( 0.12 -0.05 0.271 )
	v( 0.163 -0.076 0.266 )
	v( 0.207 -0.064 0.246 )
	v( 0.211 -0.043 0.25 )
	v( 0.253 -0.053 0.227 )
	v( 0.254 0.006 0.256 )
	v( 0.223 0.023 0.275 )
	v( 0.219 0 0.264 )
	v( -0.002 0.026 0.021 )
	v( 0.002 0.014 0.022 )
	v( 0.011 0.008 0.054 )
	v( -0.006 0 0.026 )
	v( 0.038 0.003 0.086 )
	v( 0.07 0.017 0.146 )
	v( 0.051 0.037 0.144 )
	v( 0.005 0.064 0.146 )
	v( -0.024 0.071 0.15 )
	v( -0.032 0.046 0.089 )
	v( 0.103 0.042 0.186 )
	v( 0.133 0.075 0.204 )
	v( 0.107 0.093 0.201 )
	v( 0.152 0.115 0.196 )
	v( 0.166 0.159 0.176 )
	v( 0.15 0.173 0.179 )
	v( 0.181 0.203 0.157 )
	v( 0.132 0.236 0.186 )
	v( 0.101 0.218 0.204 )
	v( 0.118 0.203 0.194 )
	v( -0.026 0.027 -0.029 )
	v( -0.016 0.025 -0.061 )
	v( -0.004 0.023 -0.072 )
	v( 0.002 0.008 -0.072 )
	v( -0.002 -0.001 -0.061 )
	v( 0.001 -0.004 -0.028 )
	v( -0.033 -0.03 0.062 )
	v( -0.026 -0.057 0.102 )
	v( -0.005 -0.047 0.102 )
	v( 0.03 -0.019 0.104 )
	v( 0.045 -0.001 0.106 )
	v( 0.024 0.012 0.062 )
	v( -0.011 -0.092 0.125 )
	v( 0.012 -0.128 0.133 )
	v( 0.03 -0.108 0.141 )
	v( 0.068 -0.072 0.155 )
	v( 0.089 -0.055 0.162 )
	v( 0.066 -0.023 0.142 )
	v( 0.041 -0.154 0.131 )
	v( 0.115 -0.096 0.161 )
	v( 0.088 -0.164 0.123 )
	v( 0.073 -0.174 0.119 )
	v( 0.104 -0.193 0.098 )
	v( 0.143 -0.189 0.083 )
	v( 0.146 -0.181 0.092 )
	v( 0.144 -0.163 0.122 )
	v( 0.003 0.02 -0.006 )
	v( 0.003 0.014 -0.021 )
	v( 0.004 -0.001 -0.026 )
	v( -0.014 -0.014 -0.026 )
	v( -0.028 -0.009 -0.021 )
	v( -0.034 -0.008 -0.006 )
	v( -0.038 0.056 0.072 )
	v( -0.065 0.075 0.122 )
	v( -0.069 0.047 0.121 )
	v( -0.07 -0.008 0.12 )
	v( -0.067 -0.035 0.122 )
	v( -0.034 -0.024 0.072 )
	v( -0.099 0.084 0.16 )
	v( -0.141 0.088 0.179 )
	v( -0.144 0.06 0.174 )
	v( -0.15 -0.001 0.173 )
	v( -0.154 -0.034 0.177 )
	v( -0.107 -0.038 0.158 )
	v( -0.191 0.089 0.176 )
	v( -0.205 -0.024 0.173 )
	v( -0.244 0.062 0.152 )
	v( -0.242 0.085 0.155 )
	v( -0.283 0.073 0.123 )
	v( -0.315 0.036 0.079 )
	v( -0.316 0.028 0.075 )
	v( -0.291 0.01 0.114 )
	v( -0.031 0.004 -0.035 )
	v( -0.041 0.015 -0.034 )
	v( -0.044 0.015 -0.01 )
	v( -0.035 0.025 -0.034 )
	v( -0.085 -0.071 -0.014 )
	v( -0.083 -0.071 -0.009 )
	v( 0.027 0.18 0.028 )
	v( 0.034 0.193 0.012 )
	v( 0.031 0.19 0.017 )
	v( -0.144 0.12 -0.024 )
	v( -0.144 0.118 -0.018 )
	v( -0.11 -0.239 0.121 )
	v( -0.105 -0.236 0.131 )
	v( 0.287 -0.017 0.218 )
	v( 0.315 -0.026 0.188 )
	v( 0.307 -0.021 0.198 )
	v( 0.169 0.251 0.148 )
	v( 0.191 0.27 0.118 )
	v( 0.183 0.266 0.128 )
	v( 0.148 -0.203 0.05 )
	v( 0.148 -0.197 0.061 )
	v( -0.059 0.072 -0.288 )
	v( -0.053 0.032 -0.289 )
	v( -0.08 0.046 -0.288 )
	v( -0.158 0.296 0.126 )
	v( -0.161 0.283 0.152 )
	v( -0.146 0.291 0.157 )
	v( 0.01 -0.012 0.095 )
	v( 0.011 0.019 0.095 )
	v( 0 -0.014 -0.006 )
	v( -0.014 -0.018 0.021 )
	v( 0.007 -0.002 0.021 )
	v( 0.006 0.027 -0.029 )
	v( 0.015 0.02 0.022 )
	v( -0.008 0.037 0.022 )
	v( -0.011 -0.021 -0.036 )
	v( 0.003 -0.009 -0.036 )
	v( 0.095 -0.12 0.02 )
	v( 0.088 -0.126 0.023 )
	v( 0.097 -0.129 0.007 )
	v( -0.04 0.028 0.023 )
	v( -0.036 0.002 0.022 )
	v( -0.314 0.044 0.081 )
	v( -0.312 0.061 0.087 )
	v( -0.323 0.054 0.055 )
	v( -0.043 0.03 -0.037 )
	v( -0.041 0.037 -0.013 )
	v( -0.051 0.027 -0.013 )
	v( -0.016 0.028 0.006 )
	v( -0.009 0.038 0.08 )
	v( -0.034 0.025 0.079 )
	v( -0.01 0.004 0.049 )
	v( -0.023 -0.003 0.112 )
	v( 0.001 0 0.113 )
	v( 0.035 -0.296 0.163 )
	v( 0.04 -0.285 0.19 )
	v( 0.023 -0.288 0.194 )
	v( -0.037 -0.01 -0.062 )
	v( -0.04 -0.003 -0.047 )
	v( -0.03 -0.013 -0.047 )
	v( -0.021 -0.006 0.04 )
	v( -0.031 -0.002 0.085 )
	v( -0.008 -0.012 0.085 )
	v( -0.01 0.042 -0.056 )
	v( -0.003 0.036 -0.037 )
	v( -0.019 0.04 -0.037 )
	v( 0.023 0.056 -0.289 )
	v( -0.003 0.006 -0.289 )
	v( -0.02 0.059 -0.289 )
	v( 0.014 -0.047 -0.289 )
	v( 0.046 -0.02 -0.289 )
	v( -0.139 -0.001 -0.06 )
	v( -0.136 -0.021 -0.062 )
	v( -0.129 0.056 -0.062 )
	v( -0.135 0.037 -0.06 )
	v( -0.091 0.107 -0.116 )
	v( -0.1 0.107 -0.117 )
	v( -0.107 0.097 -0.099 )
	v( -0.081 -0.083 -0.172 )
	v( -0.087 -0.083 -0.174 )
	v( -0.084 -0.079 -0.19 )
	v( -0.121 -0.065 -0.099 )
	v( -0.116 -0.077 -0.117 )
	v( -0.107 -0.077 -0.116 )
	v( 0.079 0.032 -0.288 )
	v( 0.083 -0.001 -0.288 )
	v( 0.05 0.023 -0.289 )
	v( 0.031 0.123 -0.051 )
	v( 0.051 0.111 -0.051 )
	v( 0.059 0.126 -0.024 )
	v( -0.116 -0.03 -0.051 )
	v( -0.124 -0.007 -0.051 )
	v( -0.132 -0.035 -0.024 )
	v( -0.146 0.019 -0.107 )
	v( -0.122 0.067 -0.155 )
	v( -0.132 0.064 -0.137 )
	v( -0.13 -0.002 -0.201 )
	v( -0.128 0.017 -0.205 )
	v( -0.131 -0.033 -0.155 )
	v( -0.14 -0.028 -0.137 )
	v( -0.098 -0.082 -0.137 )
	v( -0.082 0.11 -0.137 )
	v( -0.106 0.054 -0.246 )
	v( -0.115 0.035 -0.251 )
	v( -0.118 -0.003 -0.251 )
	v( -0.113 -0.023 -0.246 )
	v( -0.084 -0.087 -0.155 )
	v( -0.087 -0.083 -0.174 )
	v( -0.081 -0.083 -0.172 )
	v( -0.113 -0.023 -0.246 )
	v( -0.118 -0.003 -0.251 )
	v( -0.109 -0.004 -0.249 )
	v( -0.118 -0.003 -0.251 )
	v( -0.106 0.015 -0.253 )
	v( -0.109 -0.004 -0.249 )
	v( -0.106 0.015 -0.253 )
	v( -0.115 0.035 -0.251 )
	v( -0.105 0.034 -0.249 )
	v( -0.115 0.035 -0.251 )
	v( -0.106 0.054 -0.246 )
	v( -0.105 0.034 -0.249 )
	v( -0.116 -0.077 -0.117 )
	v( -0.098 -0.082 -0.137 )
	v( -0.107 -0.077 -0.116 )
	v( -0.082 0.11 -0.137 )
	v( -0.1 0.107 -0.117 )
	v( -0.091 0.107 -0.116 )
	v( -0.124 0.071 -0.072 )
	v( -0.139 0.056 -0.064 )
	v( -0.129 0.056 -0.062 )
	v( -0.134 -0.037 -0.072 )
	v( -0.136 -0.021 -0.062 )
	v( -0.146 -0.02 -0.064 )
	v( -0.14 -0.053 -0.084 )
	v( -0.134 -0.037 -0.072 )
	v( -0.143 -0.036 -0.074 )
	v( -0.143 -0.036 -0.074 )
	v( -0.142 0.018 -0.057 )
	v( -0.149 0 -0.061 )
	v( -0.139 -0.001 -0.06 )
	v( -0.149 0 -0.061 )
	v( -0.146 -0.02 -0.064 )
	v( -0.139 -0.001 -0.06 )
	v( -0.135 0.037 -0.06 )
	v( -0.139 0.056 -0.064 )
	v( -0.145 0.038 -0.061 )
	v( -0.135 0.037 -0.06 )
	v( -0.145 0.038 -0.061 )
	v( -0.142 0.018 -0.057 )
	v( -0.124 0.071 -0.072 )
	v( -0.127 0.088 -0.084 )
	v( -0.134 0.072 -0.074 )
	v( -0.134 0.072 -0.074 )
	v( -0.1 0.107 -0.117 )
	v( -0.117 0.098 -0.101 )
	v( -0.107 0.097 -0.099 )
	v( -0.117 0.098 -0.101 )
	v( -0.118 0.087 -0.083 )
	v( -0.107 0.097 -0.099 )
	v( -0.067 0.112 -0.155 )
	v( -0.082 0.11 -0.137 )
	v( -0.073 0.109 -0.135 )
	v( -0.082 0.11 -0.137 )
	v( -0.091 0.107 -0.116 )
	v( -0.073 0.109 -0.135 )
	v( -0.071 0.109 -0.174 )
	v( -0.067 0.112 -0.155 )
	v( -0.065 0.108 -0.172 )
	v( -0.071 0.109 -0.174 )
	v( -0.065 0.108 -0.172 )
	v( -0.068 0.105 -0.19 )
	v( -0.076 0.084 -0.221 )
	v( -0.084 0.095 -0.206 )
	v( -0.074 0.094 -0.205 )
	v( -0.084 0.095 -0.206 )
	v( -0.073 0.105 -0.191 )
	v( -0.074 0.094 -0.205 )
	v( -0.093 0.069 -0.234 )
	v( -0.086 0.084 -0.222 )
	v( -0.083 0.068 -0.232 )
	v( -0.093 0.069 -0.234 )
	v( -0.083 0.068 -0.232 )
	v( -0.096 0.053 -0.244 )
	v( -0.098 -0.056 -0.222 )
	v( -0.102 -0.04 -0.234 )
	v( -0.092 -0.041 -0.232 )
	v( -0.102 -0.04 -0.234 )
	v( -0.103 -0.023 -0.244 )
	v( -0.092 -0.041 -0.232 )
	v( -0.089 -0.079 -0.191 )
	v( -0.098 -0.067 -0.206 )
	v( -0.088 -0.068 -0.205 )
	v( -0.098 -0.067 -0.206 )
	v( -0.088 -0.057 -0.221 )
	v( -0.088 -0.068 -0.205 )
	v( -0.098 -0.082 -0.137 )
	v( -0.084 -0.087 -0.155 )
	v( -0.09 -0.083 -0.135 )
	v( -0.098 -0.082 -0.137 )
	v( -0.09 -0.083 -0.135 )
	v( -0.107 -0.077 -0.116 )
	v( -0.13 -0.054 -0.083 )
	v( -0.131 -0.064 -0.101 )
	v( -0.121 -0.065 -0.099 )
	v( -0.131 -0.064 -0.101 )
	v( -0.116 -0.077 -0.117 )
	v( -0.121 -0.065 -0.099 )
	v( -0.152 0.019 -0.059 )
	v( -0.152 0.019 -0.059 )
	v( -0.117 0.098 -0.101 )
	v( -0.127 0.088 -0.084 )
	v( -0.118 0.087 -0.083 )
	v( -0.127 0.088 -0.084 )
	v( -0.124 0.071 -0.072 )
	v( -0.118 0.087 -0.083 )
	v( -0.067 0.112 -0.155 )
	v( -0.073 0.109 -0.135 )
	v( -0.057 0.111 -0.154 )
	v( -0.067 0.112 -0.155 )
	v( -0.057 0.111 -0.154 )
	v( -0.065 0.108 -0.172 )
	v( -0.073 0.105 -0.191 )
	v( -0.071 0.109 -0.174 )
	v( -0.068 0.105 -0.19 )
	v( -0.073 0.105 -0.191 )
	v( -0.068 0.105 -0.19 )
	v( -0.074 0.094 -0.205 )
	v( -0.086 0.084 -0.222 )
	v( -0.076 0.084 -0.221 )
	v( -0.106 0.054 -0.246 )
	v( -0.096 0.053 -0.244 )
	v( -0.116 0.016 -0.255 )
	v( -0.116 0.016 -0.255 )
	v( -0.113 -0.023 -0.246 )
	v( -0.103 -0.023 -0.244 )
	v( -0.098 -0.056 -0.222 )
	v( -0.088 -0.057 -0.221 )
	v( -0.087 -0.083 -0.174 )
	v( -0.089 -0.079 -0.191 )
	v( -0.084 -0.079 -0.19 )
	v( -0.089 -0.079 -0.191 )
	v( -0.088 -0.068 -0.205 )
	v( -0.084 -0.079 -0.19 )
	v( -0.084 -0.087 -0.155 )
	v( -0.081 -0.083 -0.172 )
	v( -0.074 -0.088 -0.154 )
	v( -0.084 -0.087 -0.155 )
	v( -0.074 -0.088 -0.154 )
	v( -0.09 -0.083 -0.135 )
	v( -0.13 -0.054 -0.083 )
	v( -0.13 -0.054 -0.083 )
	v( -0.14 -0.053 -0.084 )
	v( -0.131 -0.064 -0.101 )
	v( -0.084 -0.087 -0.155 )
	v( -0.071 0.109 -0.174 )
	v( -0.067 0.112 -0.155 )
	v( -0.131 -0.064 -0.101 )
	v( -0.116 0.016 -0.255 )
	v( -0.117 0.098 -0.101 )
	v( -0.152 0.019 -0.059 )
	v( -0.057 -0.011 -0.289 )
	v( -0.029 -0.044 -0.289 )
	v( 0.055 -0.1 -0.051 )
	v( 0.084 -0.097 -0.024 )
	v( 0.073 -0.085 -0.051 )
	v( 0.092 -0.07 -0.051 )
	v( 0.01 -0.115 -0.051 )
	v( -0.013 -0.112 -0.051 )
	v( -0.015 -0.129 -0.024 )
	v( -0.037 -0.111 -0.051 )
	v( -0.062 0.112 -0.051 )
	v( -0.039 0.119 -0.051 )
	v( -0.044 0.135 -0.024 )
	v( -0.017 0.127 -0.051 )
	v( -0.031 0.077 0.046 )
	v( -0.006 0.099 0.055 )
	v( -0.024 0.105 0.055 )
	v( -0.013 0.129 0.059 )
	v( 0.077 0.053 0.253 )
	v( 0.126 0.016 0.269 )
	v( 0.13 0.05 0.269 )
	v( 0.18 0.039 0.278 )
	v( -0.003 0.111 0.183 )
	v( 0.055 0.133 0.198 )
	v( 0.028 0.155 0.199 )
	v( 0.064 0.191 0.207 )
	v( 0.052 -0.06 -0.288 )
	v( 0.023 -0.076 -0.288 )
	v( -0.011 -0.08 -0.288 )
	v( -0.069 -0.05 -0.288 )
	v( -0.085 -0.02 -0.288 )
	v( -0.089 0.013 -0.288 )
	v( 0.033 -0.107 -0.051 )
	v( 0.038 -0.123 -0.024 )
	v( -0.058 -0.099 -0.051 )
	v( -0.079 -0.089 -0.051 )
	v( -0.065 -0.114 -0.024 )
	v( -0.107 -0.081 -0.024 )
	v( -0.08 0.097 -0.051 )
	v( -0.09 0.109 -0.024 )
	v( 0.007 0.124 -0.051 )
	v( 0.008 0.141 -0.024 )
	v( 0.11 0.042 -0.051 )
	v( 0.126 0.047 -0.024 )
	v( -0.036 0.005 0.111 )
	v( 0.032 -0.26 0.225 )
	v( 0.069 -0.213 0.263 )
	v( 0.045 -0.217 0.26 )
	v( 0.011 0.013 0.113 )
	v( -0.01 0.015 -0.018 )
	v( -0.039 0.008 -0.047 )
	v( -0.089 -0.064 -0.003 )
	v( -0.087 -0.065 -0.003 )
	v( -0.019 -0.012 -0.047 )
	v( -0.037 -0.01 -0.072 )
	v( 0.003 0.024 -0.037 )
	v( 0.022 0.177 0.033 )
	v( -0.03 0.032 -0.037 )
	v( -0.01 0.041 -0.069 )
	v( -0.05 0.016 -0.011 )
	v( -0.141 0.094 0.032 )
	v( -0.133 0.099 0.028 )
	v( -0.136 0.125 -0.011 )
	v( -0.139 0.123 -0.011 )
	v( -0.036 0.026 -0.06 )
	v( -0.031 0.036 -0.011 )
	v( -0.022 -0.021 -0.038 )
	v( 0.006 0.004 -0.038 )
	v( 0.083 -0.108 0.036 )
	v( 0.076 -0.082 0.049 )
	v( -0.02 -0.019 -0.055 )
	v( 0.009 0.033 0.079 )
	v( -0.04 0.007 0.078 )
	v( -0.171 0.203 0.221 )
	v( -0.149 0.214 0.22 )
	v( -0.148 0.26 0.187 )
	v( -0.008 0.019 -0.075 )
	v( -0.037 0.016 0.085 )
	v( -0.122 -0.224 0.143 )
	v( -0.116 -0.226 0.143 )
	v( -0.059 -0.194 0.216 )
	v( -0.076 -0.185 0.206 )
	v( 0.008 -0.004 0.086 )
	v( -0.022 -0.001 -0.006 )
	v( -0.006 0.036 0.096 )
	v( 0.28 -0.008 0.228 )
	v( -0.017 -0.02 0.057 )
	v( -0.016 -0.013 0.036 )
	v( -0.009 -0.027 0.096 )
	v( -0.031 0.032 0.022 )
	v( 0.004 0.018 -0.072 )
	v( 0.014 -0.003 0.022 )
	v( -0.034 -0.013 0.021 )
	v( 0.009 0.018 0.021 )
	v( 0.137 -0.136 0.145 )
	v( 0.12 -0.145 0.136 )
	v( 0 -0.014 -0.026 )
	v( -0.022 0.039 0.023 )
	v( -0.014 -0.012 0.022 )
	v( -0.253 -0.009 0.151 )
	v( -0.25 0.015 0.149 )
	v( -0.287 0.042 0.116 )
	v( -0.023 0.031 -0.028 )
	v( -0.018 0.034 -0.009 )
	v( -0.143 0.123 -0.022 )
	v( 0.313 -0.031 0.191 )
	v( 0.293 -0.035 0.208 )
	v( 0.145 -0.206 0.053 )
	v( 0.135 -0.201 0.073 )
	v( 0.004 0.092 -0.288 )
	v( 0.036 0.083 -0.288 )
	v( 0.063 0.062 -0.288 )
	v( 0.103 0.065 -0.051 )
	v( 0.1 0.093 -0.024 )
	v( 0.04 0.18 0.022 )
	v( 0.037 0.181 0.022 )
	v( 0.085 -0.073 0.05 )
	v( -0.016 -0.02 -0.064 )
	v( 0.293 -0.042 0.208 )
	v( -0.011 0.035 0.053 )
	v( -0.01 0.033 0.029 )
	v( 0.193 0.243 0.138 )
	v( 0.187 0.247 0.138 )
	v( 0.158 0.25 0.158 )
	v( 0.13 -0.205 0.073 )
	v( -0.009 -0.008 -0.011 )
	v( -0.016 -0.005 -0.029 )
	v( -0.087 -0.07 -0.012 )
	v( 0.037 0.192 0.013 )
	v( -0.115 -0.237 0.124 )
	v( 0.195 0.266 0.121 )
	v( 0.073 -0.034 -0.288 )
	v( -0.043 -0.071 -0.288 )
	v( -0.029 0.088 -0.288 )
	v( -0.169 0.29 0.128 )
	v( -0.17 0.29 0.118 )
	v( -0.164 0.294 0.109 )
	v( -0.324 0.041 0.057 )
	v( 0.047 -0.294 0.166 )
	v( 0.049 -0.294 0.156 )
	v( 0.042 -0.295 0.147 )
	v( 0.101 -0.124 0.008 )
	v( 0.103 -0.124 0.003 )
	v( 0.1 -0.128 -0.002 )
	v( -0.324 0.04 0.047 )
	v( -0.324 0.048 0.039 )
	v( 0.083 -0.038 -0.287 )
	v( 0.104 -0.05 -0.162 )
	v( 0.075 -0.086 -0.162 )
	v( 0.059 -0.068 -0.287 )
	v( 0.093 -0.002 -0.287 )
	v( 0.117 -0.004 -0.162 )
	v( 0.089 0.035 -0.287 )
	v( 0.112 0.042 -0.162 )
	v( 0.089 0.084 -0.162 )
	v( 0.071 0.068 -0.287 )
	v( 0.041 0.092 -0.287 )
	v( 0.052 0.113 -0.162 )
	v( 0.005 0.102 -0.287 )
	v( 0.007 0.126 -0.162 )
	v( -0.04 0.121 -0.162 )
	v( -0.032 0.098 -0.287 )
	v( -0.081 0.098 -0.162 )
	v( -0.065 0.08 -0.287 )
	v( -0.089 0.05 -0.287 )
	v( -0.11 0.062 -0.162 )
	v( -0.099 0.014 -0.287 )
	v( -0.123 0.016 -0.162 )
	v( -0.095 -0.023 -0.287 )
	v( -0.118 -0.031 -0.162 )
	v( -0.077 -0.056 -0.287 )
	v( -0.096 -0.072 -0.162 )
	v( -0.048 -0.08 -0.287 )
	v( -0.059 -0.101 -0.162 )
	v( -0.011 -0.09 -0.287 )
	v( -0.014 -0.114 -0.162 )
	v( 0.026 -0.086 -0.287 )
	v( 0.033 -0.109 -0.162 )
	v( 0.086 -0.1 0.012 )
	v( 0.12 -0.058 0.012 )
	v( 0.135 -0.006 0.012 )
	v( 0.129 0.048 0.012 )
	v( 0.103 0.095 0.012 )
	v( 0.061 0.129 0.012 )
	v( 0.009 0.144 0.012 )
	v( -0.045 0.138 0.012 )
	v( -0.092 0.112 0.012 )
	v( -0.126 0.07 0.012 )
	v( -0.141 0.018 0.012 )
	v( -0.135 -0.036 0.012 )
	v( -0.109 -0.083 0.012 )
	v( -0.067 -0.117 0.012 )
	v( -0.015 -0.132 0.012 )
	v( 0.039 -0.126 0.012 )
	v( 0.098 -0.114 0.012 )
	v( 0.098 -0.114 -0.012 )
	v( 0.136 -0.066 -0.012 )
	v( 0.136 -0.066 0.012 )
	v( 0.153 -0.007 -0.012 )
	v( 0.153 -0.007 0.012 )
	v( 0.147 0.053 -0.012 )
	v( 0.147 0.053 0.012 )
	v( 0.117 0.107 -0.012 )
	v( 0.117 0.107 0.012 )
	v( 0.069 0.145 -0.012 )
	v( 0.069 0.145 0.012 )
	v( 0.01 0.163 -0.012 )
	v( 0.01 0.163 0.012 )
	v( -0.051 0.156 -0.012 )
	v( -0.051 0.156 0.012 )
	v( -0.104 0.126 -0.012 )
	v( -0.104 0.126 0.012 )
	v( -0.143 0.078 -0.012 )
	v( -0.143 0.078 0.012 )
	v( -0.16 0.019 -0.012 )
	v( -0.16 0.019 0.012 )
	v( -0.153 -0.042 -0.012 )
	v( -0.153 -0.042 0.012 )
	v( -0.123 -0.095 -0.012 )
	v( -0.123 -0.095 0.012 )
	v( -0.076 -0.134 -0.012 )
	v( -0.076 -0.134 0.012 )
	v( -0.017 -0.151 -0.012 )
	v( -0.017 -0.151 0.012 )
	v( 0.044 -0.144 -0.012 )
	v( 0.044 -0.144 0.012 )
	v( 0.136 -0.066 -0.037 )
	v( 0.098 -0.114 -0.037 )
	v( 0.153 -0.007 -0.037 )
	v( 0.147 0.053 -0.037 )
	v( 0.117 0.107 -0.037 )
	v( 0.069 0.145 -0.037 )
	v( 0.01 0.163 -0.037 )
	v( -0.051 0.156 -0.037 )
	v( -0.104 0.126 -0.037 )
	v( -0.143 0.078 -0.037 )
	v( -0.16 0.019 -0.037 )
	v( -0.153 -0.042 -0.037 )
	v( -0.123 -0.095 -0.037 )
	v( -0.076 -0.134 -0.037 )
	v( -0.017 -0.151 -0.037 )
	v( 0.044 -0.144 -0.037 )
	v( 0.125 -0.061 -0.038 )
	v( 0.09 -0.105 -0.038 )
	v( 0.141 -0.006 -0.038 )
	v( 0.135 0.05 -0.038 )
	v( 0.107 0.099 -0.038 )
	v( 0.063 0.134 -0.038 )
	v( 0.009 0.15 -0.038 )
	v( -0.047 0.144 -0.038 )
	v( -0.096 0.117 -0.038 )
	v( -0.132 0.073 -0.038 )
	v( -0.147 0.018 -0.038 )
	v( -0.141 -0.038 -0.038 )
	v( -0.114 -0.087 -0.038 )
	v( -0.07 -0.122 -0.038 )
	v( -0.016 -0.138 -0.038 )
	v( 0.04 -0.132 -0.038 )
	v( 0.041 -0.135 0.012 )
	v( 0.092 -0.107 0.012 )
	v( -0.016 -0.141 0.012 )
	v( -0.071 -0.125 0.012 )
	v( -0.116 -0.089 0.012 )
	v( -0.144 -0.039 0.012 )
	v( -0.151 0.019 0.012 )
	v( -0.135 0.074 0.012 )
	v( -0.098 0.119 0.012 )
	v( -0.048 0.147 0.012 )
	v( 0.009 0.153 0.012 )
	v( 0.065 0.137 0.012 )
	v( 0.11 0.101 0.012 )
	v( 0.138 0.051 0.012 )
	v( 0.144 -0.007 0.012 )
	v( 0.128 -0.062 0.012 )
	v( 0.042 -0.138 -0.038 )
	v( 0.094 -0.109 -0.038 )
	v( -0.016 -0.144 -0.038 )
	v( -0.073 -0.128 -0.038 )
	v( -0.119 -0.091 -0.038 )
	v( -0.147 -0.04 -0.038 )
	v( -0.154 0.019 -0.038 )
	v( -0.137 0.075 -0.038 )
	v( -0.1 0.121 -0.038 )
	v( -0.049 0.15 -0.038 )
	v( 0.01 0.156 -0.038 )
	v( 0.066 0.14 -0.038 )
	v( 0.112 0.103 -0.038 )
	v( 0.141 0.052 -0.038 )
	v( 0.147 -0.007 -0.038 )
	v( 0.131 -0.063 -0.038 )
	v( 0.15 -0.194 0.058 )
	v( 0.152 -0.203 0.036 )
	v( 0.145 -0.207 0.047 )
	v( 0.18 0.269 0.126 )
	v( 0.195 0.279 0.106 )
	v( 0.199 0.269 0.115 )
	v( 0.308 -0.017 0.196 )
	v( 0.324 -0.024 0.176 )
	v( 0.318 -0.032 0.186 )
	v( -0.102 -0.236 0.128 )
	v( -0.108 -0.242 0.107 )
	v( -0.116 -0.239 0.117 )
	v( -0.145 0.116 -0.02 )
	v( -0.144 0.119 -0.031 )
	v( -0.142 0.123 -0.026 )
	v( 0.029 0.191 0.016 )
	v( 0.034 0.199 0.005 )
	v( 0.038 0.194 0.01 )
	v( -0.082 -0.071 -0.01 )
	v( -0.084 -0.072 -0.02 )
	v( -0.087 -0.07 -0.015 )
	v( -0.003 0.006 -0.06 )
	v( -0.094 -0.071 -0.051 )
	v( -0.11 -0.053 -0.051 )
	v( 0.073 0.101 -0.051 )
	v( 0.088 0.082 -0.051 )
	n( -0.323 -0.875 -0.362 )
	n( -0.852 -0.508 -0.126 )
	n( -0.447 -0.769 -0.458 )
	n( -0.331 -0.659 -0.675 )
	n( -0.929 -0.281 -0.241 )
	n( -0.445 -0.578 -0.684 )
	n( -0.93 0.302 -0.208 )
	n( -0.98 0.084 -0.18 )
	n( -0.867 0.436 -0.241 )
	n( -0.34 0.646 -0.684 )
	n( -0.214 0.706 -0.675 )
	n( -0.309 0.834 -0.458 )
	n( -0.753 0.646 -0.126 )
	n( -0.169 0.917 -0.362 )
	n( -0.502 0.729 0.464 )
	n( -0.951 0.262 -0.161 )
	n( -0.778 0.494 0.389 )
	n( -0.522 0.434 0.734 )
	n( -0.97 0.242 -0.026 )
	n( -0.746 0.316 0.586 )
	n( -0.789 -0.184 0.586 )
	n( -0.997 -0.073 -0.026 )
	n( -0.588 -0.339 0.734 )
	n( -0.85 -0.354 0.389 )
	n( -0.982 -0.096 -0.161 )
	n( -0.619 -0.633 0.464 )
	n( 0.95 -0.053 0.308 )
	n( 0.345 -0.03 0.938 )
	n( 0.702 -0.203 0.683 )
	n( 0.857 -0.412 0.308 )
	n( 0.307 -0.159 0.938 )
	n( 0.571 -0.456 0.683 )
	n( -0.726 -0.081 0.683 )
	n( -0.345 0.03 0.938 )
	n( -0.936 0.08 0.342 )
	n( -0.702 0.203 0.683 )
	n( -0.307 0.159 0.938 )
	n( -0.857 0.412 0.308 )
	n( 0.324 0.848 0.419 )
	n( 0.003 0.789 0.614 )
	n( 0.013 0.79 0.613 )
	n( -0.394 0.706 0.589 )
	n( -0.34 0.728 0.595 )
	n( -0.62 0.691 0.372 )
	n( 0.101 0.577 0.81 )
	n( 0.054 0.213 0.976 )
	n( 0.111 0.224 0.968 )
	n( -0.215 0.161 0.963 )
	n( -0.198 0.157 0.968 )
	n( -0.361 0.497 0.789 )
	n( 0.21 -0.151 0.966 )
	n( -0.202 -0.257 0.945 )
	n( 0.148 -0.393 0.908 )
	n( 0.159 -0.459 0.874 )
	n( 0.203 -0.632 0.748 )
	n( 0.264 -0.832 0.488 )
	n( 0.449 -0.828 0.335 )
	n( 0.168 -0.742 0.649 )
	n( -0.781 0.616 0.103 )
	n( -0.846 0.526 0.09 )
	n( -0.784 0.615 0.079 )
	n( 0.373 0.924 0.08 )
	n( 0.572 0.812 0.116 )
	n( 0.436 0.892 0.122 )
	n( 0.901 0.212 0.378 )
	n( 0.711 0.478 0.516 )
	n( 0.697 0.539 0.474 )
	n( 0.472 0.805 0.358 )
	n( 0.436 0.82 0.37 )
	n( 0.172 0.92 0.351 )
	n( 0.569 0.493 0.658 )
	n( 0.151 0.397 0.906 )
	n( 0.268 0.328 0.906 )
	n( 0.23 0.507 0.831 )
	n( 0.338 0.482 0.808 )
	n( 0.38 0.79 0.48 )
	n( -0.135 0.001 0.991 )
	n( -0.539 -0.233 0.809 )
	n( -0.404 -0.236 0.884 )
	n( -0.492 0.106 0.864 )
	n( -0.405 0.112 0.908 )
	n( -0.023 0.301 0.953 )
	n( -0.519 -0.524 0.676 )
	n( -0.696 -0.594 0.402 )
	n( -0.646 -0.709 0.284 )
	n( -0.795 -0.197 0.574 )
	n( -0.113 0.99 0.084 )
	n( -0.208 0.978 0.024 )
	n( -0.049 0.998 -0.026 )
	n( 1 -0.004 -0.026 )
	n( 0.986 -0.162 0.023 )
	n( 0.994 -0.067 0.084 )
	n( -0.71 -0.593 0.379 )
	n( -0.385 -0.702 0.599 )
	n( -0.373 -0.67 0.642 )
	n( 0.119 -0.83 0.544 )
	n( 0.19 -0.771 0.608 )
	n( 0.449 -0.853 0.265 )
	n( -0.345 -0.448 0.825 )
	n( -0.116 -0.075 0.99 )
	n( -0.182 -0.112 0.977 )
	n( 0.045 0.28 0.959 )
	n( 0.31 0.381 0.871 )
	n( 0.233 0.305 0.923 )
	n( 0.186 0.413 0.892 )
	n( 0.588 0.267 0.764 )
	n( 0.448 0.001 0.894 )
	n( 0.466 0.063 0.883 )
	n( 0.584 -0.81 0.049 )
	n( 0.654 -0.756 0.024 )
	n( 0.524 -0.851 -0.026 )
	n( -0.878 -0.478 -0.026 )
	n( -0.942 -0.334 0.023 )
	n( -0.904 -0.42 0.084 )
	n( 0.074 -0.829 0.555 )
	n( 0.271 -0.438 0.857 )
	n( 0.349 -0.48 0.805 )
	n( 0.64 -0.249 0.727 )
	n( 0.607 -0.301 0.735 )
	n( 0.829 -0.069 0.554 )
	n( 0.15 -0.125 0.981 )
	n( 0.069 0.305 0.95 )
	n( 0.006 0.239 0.971 )
	n( 0.245 0.168 0.955 )
	n( 0.169 0.149 0.974 )
	n( 0.497 -0.078 0.864 )
	n( -0.228 0.415 0.881 )
	n( 0.032 0.515 0.857 )
	n( -0.386 0.583 0.715 )
	n( -0.339 0.604 0.721 )
	n( -0.58 0.545 0.605 )
	n( -0.627 0.708 0.324 )
	n( -0.729 0.654 0.203 )
	n( -0.268 0.837 0.478 )
	n( 0.952 0.129 0.277 )
	n( 0.954 0.197 0.226 )
	n( 0.97 0.061 0.234 )
	n( -0.086 -0.985 0.147 )
	n( -0.277 -0.951 0.136 )
	n( -0.138 -0.97 0.198 )
	n( -0.212 0.936 0.281 )
	n( -0.436 0.756 0.488 )
	n( -0.398 0.749 0.53 )
	n( -0.714 0.54 0.446 )
	n( -0.701 0.53 0.477 )
	n( -0.874 0.412 0.259 )
	n( -0.246 0.651 0.718 )
	n( -0.1 0.352 0.931 )
	n( -0.066 0.391 0.918 )
	n( -0.302 0.171 0.938 )
	n( -0.283 0.17 0.944 )
	n( -0.592 0.341 0.73 )
	n( 0.201 0.145 0.969 )
	n( -0.081 -0.155 0.985 )
	n( 0.279 -0.091 0.956 )
	n( 0.323 -0.141 0.936 )
	n( 0.46 -0.284 0.841 )
	n( 0.633 -0.464 0.62 )
	n( 0.796 -0.391 0.462 )
	n( 0.494 -0.411 0.766 )
	n( -0.945 0.307 0.108 )
	n( -0.965 0.245 0.096 )
	n( -0.945 0.323 0.048 )
	n( -0.651 0.759 -0.003 )
	n( -0.716 0.697 0.027 )
	n( -0.141 0.984 -0.109 )
	n( -0.085 -0.917 0.389 )
	n( 0.189 -0.758 0.625 )
	n( 0.183 -0.763 0.62 )
	n( 0.548 -0.557 0.624 )
	n( 0.503 -0.592 0.629 )
	n( 0.78 -0.473 0.41 )
	n( 0.016 -0.576 0.818 )
	n( -0.062 -0.221 0.973 )
	n( -0.104 -0.252 0.962 )
	n( 0.178 -0.097 0.979 )
	n( 0.16 -0.09 0.983 )
	n( 0.428 -0.358 0.83 )
	n( -0.301 0.057 0.952 )
	n( 0.047 0.277 0.96 )
	n( -0.313 0.3 0.901 )
	n( -0.342 0.356 0.87 )
	n( -0.429 0.512 0.744 )
	n( -0.533 0.694 0.484 )
	n( -0.698 0.64 0.319 )
	n( -0.424 0.631 0.65 )
	n( 0.924 -0.354 0.143 )
	n( 0.959 -0.248 0.137 )
	n( 0.928 -0.351 0.12 )
	n( -0.078 -0.996 0.037 )
	n( -0.304 -0.951 0.063 )
	n( -0.15 -0.986 0.075 )
	n( 0.756 0.481 0.444 )
	n( 0.348 0.583 0.734 )
	n( 0.358 0.651 0.669 )
	n( 0.045 0.822 0.567 )
	n( 0.107 0.815 0.569 )
	n( -0.186 0.901 0.393 )
	n( 0.115 0.391 0.913 )
	n( -0.252 0.159 0.954 )
	n( -0.167 0.129 0.978 )
	n( -0.19 0.369 0.91 )
	n( -0.143 0.311 0.94 )
	n( -0.058 0.665 0.745 )
	n( -0.247 -0.165 0.955 )
	n( -0.438 0.032 0.898 )
	n( -0.354 -0.403 0.844 )
	n( -0.39 -0.367 0.845 )
	n( -0.253 -0.591 0.766 )
	n( -0.404 -0.751 0.522 )
	n( -0.322 -0.851 0.415 )
	n( -0.647 -0.436 0.625 )
	n( -0.445 0.882 0.157 )
	n( -0.528 0.84 0.125 )
	n( -0.403 0.909 0.109 )
	n( 0.958 0.288 -0.005 )
	n( 0.993 0.111 0.047 )
	n( 0.95 0.305 0.069 )
	n( -0.723 0.572 0.386 )
	n( -0.761 0.248 0.599 )
	n( -0.728 0.238 0.643 )
	n( -0.793 -0.27 0.547 )
	n( -0.722 -0.33 0.608 )
	n( -0.758 -0.597 0.263 )
	n( -0.505 0.256 0.825 )
	n( -0.096 0.1 0.99 )
	n( -0.144 0.158 0.977 )
	n( 0.283 0.008 0.959 )
	n( 0.432 -0.233 0.871 )
	n( 0.343 -0.172 0.923 )
	n( 0.44 -0.106 0.892 )
	n( 0.371 -0.528 0.764 )
	n( 0.084 -0.44 0.894 )
	n( 0.148 -0.446 0.883 )
	n( -0.824 -0.563 0.064 )
	n( -0.952 0.111 0.286 )
	n( -0.963 0.166 0.21 )
	n( -0.748 0.613 0.255 )
	n( -0.888 -0.238 0.393 )
	n( -0.618 -0.501 0.606 )
	n( -0.596 -0.475 0.647 )
	n( -0.205 -0.812 0.547 )
	n( -0.109 -0.786 0.608 )
	n( 0.084 -0.96 0.266 )
	n( -0.486 -0.286 0.826 )
	n( -0.135 -0.027 0.99 )
	n( -0.21 -0.037 0.977 )
	n( 0.145 0.243 0.959 )
	n( 0.429 0.239 0.871 )
	n( 0.329 0.197 0.923 )
	n( 0.326 0.314 0.892 )
	n( 0.644 0.03 0.764 )
	n( 0.417 -0.166 0.894 )
	n( 0.456 -0.114 0.883 )
	n( 0.003 -0.995 0.104 )
	n( -0.211 -0.977 -0.011 )
	n( -0.249 -0.963 0.099 )
	n( -0.945 0.321 0.057 )
	n( -0.825 0.546 0.146 )
	n( -0.961 0.228 0.159 )
	n( -0.027 0.9 0.435 )
	n( -0.318 0.606 0.729 )
	n( -0.38 0.647 0.662 )
	n( -0.688 0.457 0.564 )
	n( -0.651 0.503 0.569 )
	n( -0.872 0.287 0.396 )
	n( -0.274 0.302 0.913 )
	n( -0.266 -0.134 0.954 )
	n( -0.196 -0.076 0.978 )
	n( -0.415 0.027 0.91 )
	n( -0.34 0.038 0.94 )
	n( -0.602 0.289 0.744 )
	n( 0.014 -0.297 0.955 )
	n( -0.253 -0.359 0.898 )
	n( 0.164 -0.511 0.844 )
	n( 0.114 -0.523 0.845 )
	n( 0.377 -0.521 0.766 )
	n( 0.437 -0.732 0.522 )
	n( 0.564 -0.714 0.415 )
	n( 0.041 -0.779 0.625 )
	n( -0.995 0.054 0.084 )
	n( -0.999 -0.042 0.024 )
	n( -0.993 0.118 -0.026 )
	n( 0.171 0.985 -0.026 )
	n( 0.324 0.946 0.023 )
	n( 0.232 0.969 0.084 )
	n( 0.714 -0.541 0.444 )
	n( 0.787 -0.153 0.598 )
	n( 0.735 -0.218 0.642 )
	n( 0.786 0.199 0.585 )
	n( 0.746 0.128 0.654 )
	n( 0.719 0.537 0.442 )
	n( 0.543 -0.255 0.8 )
	n( 0.172 -0.171 0.97 )
	n( 0.172 -0.217 0.961 )
	n( 0.186 0.101 0.977 )
	n( 0.165 0.081 0.983 )
	n( 0.532 0.166 0.83 )
	n( -0.217 -0.216 0.952 )
	n( -0.202 0.196 0.96 )
	n( -0.425 -0.089 0.901 )
	n( -0.487 -0.081 0.87 )
	n( -0.665 -0.064 0.744 )
	n( -0.874 -0.047 0.484 )
	n( -0.923 -0.213 0.319 )
	n( -0.76 0.008 0.65 )
	n( 0.613 0.789 -0.027 )
	n( 0.991 0.086 0.106 )
	n( 0.997 0.062 0.049 )
	n( 0.657 -0.754 -0.018 )
	n( -0.451 -0.872 0.189 )
	n( -0.38 -0.901 0.209 )
	n( 0.395 0.529 0.751 )
	n( 0.105 0.73 0.675 )
	n( 0.14 0.723 0.676 )
	n( -0.884 0.458 0.096 )
	n( -0.915 0.388 0.115 )
	n( -0.09 -0.946 0.312 )
	n( -0.012 -0.945 0.326 )
	n( 0.593 -0.29 0.751 )
	n( 0.737 0.032 0.675 )
	n( 0.737 -0.003 0.676 )
	n( 0.563 0.344 0.751 )
	n( 0.368 0.639 0.675 )
	n( 0.398 0.62 0.676 )
	n( 0.765 -0.563 0.312 )
	n( 0.804 -0.497 0.326 )
	n( -0.052 0.055 -0.997 )
	n( -0.008 0.004 -1 )
	n( -0.067 0.035 -0.997 )
	n( -0.488 0.85 0.199 )
	n( -0.505 0.731 0.458 )
	n( -0.523 0.672 0.523 )
	n( -0.848 0.453 0.275 )
	n( -0.863 -0.479 0.161 )
	n( -0.596 0.803 0.011 )
	n( -0.08 0.97 0.228 )
	n( -0.87 0.43 0.241 )
	n( -0.791 -0.596 0.14 )
	n( -0.89 -0.378 0.256 )
	n( -0.105 -0.98 0.168 )
	n( -0.333 0.933 0.134 )
	n( -0.863 0.486 0.138 )
	n( 0.618 -0.51 0.598 )
	n( 0.614 -0.441 0.655 )
	n( 0.658 -0.661 0.36 )
	n( 0.847 -0.455 0.275 )
	n( 0.768 0.599 0.224 )
	n( -0.889 -0.003 0.458 )
	n( -0.851 -0.051 0.523 )
	n( -0.977 0.078 0.199 )
	n( 0.673 -0.676 0.3 )
	n( 0.174 -0.909 0.379 )
	n( 0.869 -0.231 0.437 )
	n( 0.452 -0.874 0.179 )
	n( 0.031 -0.967 0.252 )
	n( 0.706 -0.647 0.289 )
	n( -0.178 0.966 0.189 )
	n( 0.24 0.928 0.286 )
	n( -0.49 0.829 0.27 )
	n( 0.193 -0.962 0.195 )
	n( 0.228 -0.859 0.459 )
	n( 0.259 -0.809 0.527 )
	n( 0.692 0.722 0.011 )
	n( 0.915 0.34 0.218 )
	n( 0.228 0.952 0.202 )
	n( 0.268 0.954 0.133 )
	n( 0.793 0.558 0.246 )
	n( -0.062 0.961 0.27 )
	n( -0.251 -0.968 0.001 )
	n( -0.632 -0.744 0.216 )
	n( 0.331 -0.935 0.13 )
	n( 0.004 0.008 -1 )
	n( 0 0 -1 )
	n( -0.003 0.009 -1 )
	n( 0.003 -0.009 -1 )
	n( 0.008 -0.004 -1 )
	n( -0.197 -0.164 0.966 )
	n( -0.203 -0.347 0.915 )
	n( -0.141 0.377 0.915 )
	n( -0.167 0.196 0.966 )
	n( 0.027 0.962 0.272 )
	n( -0.379 0.925 0.018 )
	n( -0.02 0.872 0.489 )
	n( -0.032 -0.976 -0.217 )
	n( -0.444 -0.876 -0.188 )
	n( 0.026 -0.932 -0.361 )
	n( -0.168 -0.856 0.489 )
	n( -0.531 -0.847 0.018 )
	n( -0.137 -0.952 0.272 )
	n( 0.082 0.032 -0.996 )
	n( 0.075 -0.002 -0.997 )
	n( 0.009 0.003 -1 )
	n( -0.203 -0.702 0.683 )
	n( -0.159 -0.307 0.938 )
	n( -0.442 -0.852 0.282 )
	n( 0.33 0.105 0.938 )
	n( 0.726 0.081 0.683 )
	n( 0.898 0.315 0.308 )
	n( -0.993 0.085 -0.078 )
	n( -0.84 0.475 -0.262 )
	n( -0.849 0.431 -0.305 )
	n( -0.968 -0.139 -0.208 )
	n( -0.975 0.084 -0.206 )
	n( -0.909 -0.325 -0.262 )
	n( -0.91 -0.28 -0.305 )
	n( -0.41 -0.911 -0.047 )
	n( -0.249 0.967 -0.047 )
	n( -0.259 0.532 -0.806 )
	n( -0.505 0.282 -0.816 )
	n( -0.546 -0.191 -0.816 )
	n( -0.346 -0.48 -0.806 )
	n( -0.028 -0.977 -0.213 )
	n( -0.028 -0.977 -0.213 )
	n( -0.028 -0.977 -0.213 )
	n( 0.166 -0.199 -0.966 )
	n( 0.166 -0.199 -0.966 )
	n( 0.166 -0.199 -0.966 )
	n( 0.162 -0.228 -0.96 )
	n( 0.162 -0.228 -0.96 )
	n( 0.162 -0.228 -0.96 )
	n( 0.199 0.197 -0.96 )
	n( 0.199 0.197 -0.96 )
	n( 0.199 0.197 -0.96 )
	n( 0.198 0.168 -0.966 )
	n( 0.198 0.168 -0.966 )
	n( 0.198 0.168 -0.966 )
	n( -0.117 -0.979 0.165 )
	n( -0.117 -0.979 0.165 )
	n( -0.117 -0.979 0.165 )
	n( 0.052 0.985 0.165 )
	n( 0.052 0.985 0.165 )
	n( 0.052 0.985 0.165 )
	n( -0.11 0.55 0.828 )
	n( -0.11 0.55 0.828 )
	n( -0.11 0.55 0.828 )
	n( -0.202 -0.523 0.828 )
	n( -0.202 -0.523 0.828 )
	n( -0.202 -0.523 0.828 )
	n( -0.201 -0.558 0.805 )
	n( -0.201 -0.558 0.805 )
	n( -0.201 -0.558 0.805 )
	n( -0.202 -0.523 0.828 )
	n( -0.198 -0.177 0.964 )
	n( -0.198 -0.177 0.964 )
	n( -0.198 -0.177 0.964 )
	n( -0.197 -0.158 0.968 )
	n( -0.197 -0.158 0.968 )
	n( -0.197 -0.158 0.968 )
	n( -0.167 0.189 0.968 )
	n( -0.167 0.189 0.968 )
	n( -0.167 0.189 0.968 )
	n( -0.165 0.209 0.964 )
	n( -0.165 0.209 0.964 )
	n( -0.165 0.209 0.964 )
	n( -0.103 0.584 0.805 )
	n( -0.103 0.584 0.805 )
	n( -0.103 0.584 0.805 )
	n( -0.11 0.55 0.828 )
	n( -0.016 0.878 0.478 )
	n( -0.016 0.878 0.478 )
	n( -0.016 0.878 0.478 )
	n( -0.024 0.859 0.512 )
	n( -0.024 0.859 0.512 )
	n( -0.024 0.859 0.512 )
	n( 0.048 0.984 0.171 )
	n( 0.048 0.984 0.171 )
	n( 0.048 0.984 0.171 )
	n( 0.05 0.985 0.164 )
	n( 0.05 0.985 0.164 )
	n( 0.05 0.985 0.164 )
	n( 0.139 0.967 -0.213 )
	n( 0.139 0.967 -0.213 )
	n( 0.139 0.967 -0.213 )
	n( 0.141 0.965 -0.223 )
	n( 0.141 0.965 -0.223 )
	n( 0.141 0.965 -0.223 )
	n( 0.176 0.806 -0.564 )
	n( 0.176 0.806 -0.564 )
	n( 0.176 0.806 -0.564 )
	n( 0.183 0.762 -0.621 )
	n( 0.183 0.762 -0.621 )
	n( 0.183 0.762 -0.621 )
	n( 0.202 0.513 -0.834 )
	n( 0.202 0.513 -0.834 )
	n( 0.202 0.513 -0.834 )
	n( 0.203 0.502 -0.841 )
	n( 0.203 0.502 -0.841 )
	n( 0.203 0.502 -0.841 )
	n( 0.112 -0.54 -0.834 )
	n( 0.112 -0.54 -0.834 )
	n( 0.112 -0.54 -0.834 )
	n( 0.114 -0.529 -0.841 )
	n( 0.114 -0.529 -0.841 )
	n( 0.114 -0.529 -0.841 )
	n( 0.051 -0.782 -0.621 )
	n( 0.051 -0.782 -0.621 )
	n( 0.051 -0.782 -0.621 )
	n( 0.036 -0.825 -0.564 )
	n( 0.036 -0.825 -0.564 )
	n( 0.036 -0.825 -0.564 )
	n( -0.12 -0.978 0.171 )
	n( -0.12 -0.978 0.171 )
	n( -0.12 -0.978 0.171 )
	n( -0.119 -0.979 0.164 )
	n( -0.119 -0.979 0.164 )
	n( -0.119 -0.979 0.164 )
	n( -0.17 -0.842 0.512 )
	n( -0.17 -0.842 0.512 )
	n( -0.17 -0.842 0.512 )
	n( -0.165 -0.862 0.478 )
	n( -0.165 -0.862 0.478 )
	n( -0.165 -0.862 0.478 )
	n( -0.165 0.209 0.964 )
	n( -0.198 -0.177 0.964 )
	n( -0.023 0.859 0.512 )
	n( -0.023 0.859 0.512 )
	n( -0.023 0.859 0.512 )
	n( -0.102 0.584 0.805 )
	n( -0.102 0.584 0.805 )
	n( -0.102 0.584 0.805 )
	n( 0.052 0.984 0.172 )
	n( 0.052 0.984 0.172 )
	n( 0.052 0.984 0.172 )
	n( 0.124 0.969 -0.215 )
	n( 0.124 0.969 -0.215 )
	n( 0.124 0.969 -0.215 )
	n( 0.15 0.964 -0.221 )
	n( 0.15 0.964 -0.221 )
	n( 0.15 0.964 -0.221 )
	n( 0.25 0.748 -0.615 )
	n( 0.25 0.748 -0.615 )
	n( 0.25 0.748 -0.615 )
	n( 0.176 0.806 -0.564 )
	n( 0.202 0.513 -0.834 )
	n( 0.203 0.502 -0.841 )
	n( 0.198 0.168 -0.966 )
	n( 0.199 0.197 -0.96 )
	n( 0.162 -0.228 -0.96 )
	n( 0.114 -0.529 -0.841 )
	n( 0.166 -0.199 -0.966 )
	n( 0.036 -0.825 -0.564 )
	n( 0.112 -0.54 -0.834 )
	n( -0.017 -0.975 -0.221 )
	n( -0.017 -0.975 -0.221 )
	n( -0.017 -0.975 -0.221 )
	n( 0.119 -0.78 -0.615 )
	n( 0.119 -0.78 -0.615 )
	n( 0.119 -0.78 -0.615 )
	n( -0.043 -0.976 -0.215 )
	n( -0.043 -0.976 -0.215 )
	n( -0.043 -0.976 -0.215 )
	n( -0.117 -0.978 0.172 )
	n( -0.117 -0.978 0.172 )
	n( -0.117 -0.978 0.172 )
	n( -0.201 -0.558 0.805 )
	n( -0.169 -0.842 0.512 )
	n( -0.169 -0.842 0.512 )
	n( -0.169 -0.842 0.512 )
	n( -0.158 -0.987 -0.041 )
	n( -0.288 0.939 -0.188 )
	n( 0.012 0.999 -0.041 )
	n( -0.634 -0.753 0.175 )
	n( -0.55 0.047 -0.834 )
	n( -0.496 0.85 0.175 )
	n( -0.801 0.069 0.594 )
	n( -0.009 -0.003 -1 )
	n( -0.004 -0.008 -1 )
	n( -0.352 0.64 0.683 )
	n( -0.618 0.734 0.282 )
	n( -0.223 0.265 0.938 )
	n( -0.571 0.456 0.683 )
	n( -0.081 0.726 0.683 )
	n( 0.03 0.345 0.938 )
	n( 0.11 0.945 0.308 )
	n( 0.203 0.702 0.683 )
	n( 0.352 -0.64 0.683 )
	n( 0.105 -0.33 0.938 )
	n( 0.315 -0.898 0.308 )
	n( 0.081 -0.726 0.683 )
	n( 0.122 -0.49 0.863 )
	n( 0.076 -0.265 0.961 )
	n( -0.053 -0.221 0.974 )
	n( 0.235 -0.14 0.962 )
	n( -0.459 -0.211 0.863 )
	n( -0.247 -0.124 0.961 )
	n( -0.227 0.01 0.974 )
	n( -0.094 -0.257 0.962 )
	n( -0.068 -0.5 0.863 )
	n( -0.027 -0.275 0.961 )
	n( -0.131 -0.186 0.974 )
	n( 0.166 -0.217 0.962 )
	n( 0.041 -0.048 -0.998 )
	n( 0.032 -0.082 -0.996 )
	n( -0.007 -0.083 -0.996 )
	n( -0.055 -0.052 -0.997 )
	n( -0.082 -0.032 -0.996 )
	n( -0.083 0.007 -0.996 )
	n( -0.105 0.33 0.938 )
	n( -0.26 0.915 0.308 )
	n( 0.159 0.307 0.938 )
	n( 0.456 0.571 0.683 )
	n( 0.433 0.834 0.342 )
	n( 0.709 0.634 0.308 )
	n( 0.223 -0.265 0.938 )
	n( 0.634 -0.709 0.308 )
	n( -0.03 -0.345 0.938 )
	n( -0.053 -0.95 0.308 )
	n( -0.33 -0.105 0.938 )
	n( -0.915 -0.29 0.282 )
	n( 0.502 0.826 0.256 )
	n( 0.19 -0.706 0.682 )
	n( -0.015 -0.558 0.83 )
	n( -0.032 -0.5 0.866 )
	n( -0.766 0.607 0.214 )
	n( -0.256 0.961 0.1 )
	n( 0.957 -0.056 0.284 )
	n( -0.745 -0.569 0.348 )
	n( -0.552 -0.67 0.496 )
	n( -0.102 0.954 0.283 )
	n( 0.692 0.722 0.021 )
	n( -0.869 -0.414 0.271 )
	n( 0.415 0.578 0.702 )
	n( 0.591 -0.791 0.161 )
	n( -0.258 -0.966 0.021 )
	n( 0.901 0.145 0.409 )
	n( -0.095 0.685 0.723 )
	n( -0.097 0.684 0.723 )
	n( -0.596 0.754 0.278 )
	n( -0.709 0.568 0.418 )
	n( 0.671 -0.677 0.301 )
	n( -0.119 -0.928 0.353 )
	n( -0.011 0.986 0.165 )
	n( -0.93 0.314 0.19 )
	n( 0.492 -0.363 0.791 )
	n( 0.188 -0.278 0.942 )
	n( -0.023 0.999 -0.029 )
	n( -0.249 -0.947 0.203 )
	n( 0.903 -0.347 0.253 )
	n( -0.204 0.504 0.839 )
	n( -0.176 0.454 0.873 )
	n( -0.436 0.589 0.681 )
	n( 0.531 -0.842 0.1 )
	n( 0.913 0.311 0.264 )
	n( -0.46 -0.748 0.478 )
	n( -0.237 -0.756 0.61 )
	n( -0.556 -0.173 0.813 )
	n( -0.555 -0.174 0.813 )
	n( -0.417 0.864 0.281 )
	n( 0.675 0.737 0.04 )
	n( -0.678 -0.72 0.147 )
	n( 0.646 -0.3 0.702 )
	n( -0.643 0.721 0.259 )
	n( -0.688 0.702 0.185 )
	n( -0.58 0.752 0.312 )
	n( 0.215 -0.963 0.16 )
	n( -0.923 -0.365 0.121 )
	n( -0.953 0.04 0.301 )
	n( 0.215 0.934 0.284 )
	n( -0.957 0.059 0.283 )
	n( -0.138 -0.566 0.813 )
	n( -0.136 -0.566 0.813 )
	n( -0.596 0.802 0.021 )
	n( 0.493 -0.809 0.321 )
	n( 0.533 0.796 0.287 )
	n( -0.531 0.117 0.839 )
	n( -0.474 0.112 0.873 )
	n( -0.732 -0.026 0.681 )
	n( 0.524 -0.85 -0.056 )
	n( 0.546 -0.835 0.075 )
	n( -0.767 0.625 0.144 )
	n( 0.695 0.002 0.719 )
	n( 0.564 -0.065 0.823 )
	n( 0.615 -0.701 0.361 )
	n( 0.527 -0.592 0.61 )
	n( 0.007 0.083 -0.996 )
	n( 0.035 0.067 -0.997 )
	n( 0.055 0.052 -0.997 )
	n( -0.64 -0.352 0.683 )
	n( -0.719 -0.605 0.342 )
	n( 0.23 0.574 0.786 )
	n( 0.168 0.542 0.823 )
	n( 0.23 -0.323 0.918 )
	n( 0.065 0.992 -0.109 )
	n( 0.607 -0.12 0.786 )
	n( -0.736 -0.673 0.066 )
	n( -0.716 -0.698 0.008 )
	n( 0.427 0.448 0.786 )
	n( 0.357 0.441 0.823 )
	n( 0.6 0.383 0.702 )
	n( 0.405 -0.779 0.478 )
	n( 0.555 0.83 0.058 )
	n( 0.53 0.846 -0.051 )
	n( -0.618 -0.752 0.229 )
	n( 0.127 0.683 0.719 )
	n( -0.285 -0.888 0.361 )
	n( 0.371 0.588 0.719 )
	n( 0.085 -0.044 -0.995 )
	n( -0.035 -0.067 -0.997 )
	n( -0.032 0.082 -0.996 )
	n( -0.584 0.769 0.258 )
	n( -0.619 0.782 0.075 )
	n( -0.489 0.871 0.052 )
	n( -0.965 -0.046 0.258 )
	n( 0.305 -0.915 0.262 )
	n( 0.347 -0.934 0.082 )
	n( 0.197 -0.979 0.047 )
	n( 0.725 -0.552 0.413 )
	n( 0.781 -0.578 0.237 )
	n( 0.68 -0.7 0.218 )
	n( -0.995 -0.068 0.075 )
	n( -0.995 0.09 0.052 )
	n( 0.67 -0.401 -0.625 )
	n( 0.872 -0.452 -0.189 )
	n( 0.632 -0.751 -0.189 )
	n( 0.363 -0.484 -0.796 )
	n( 0.676 -0.103 -0.73 )
	n( 0.978 -0.084 -0.189 )
	n( 0.72 0.223 -0.657 )
	n( 0.936 0.297 -0.189 )
	n( 0.751 0.632 -0.189 )
	n( 0.442 0.364 -0.82 )
	n( 0.308 0.521 -0.796 )
	n( 0.452 0.872 -0.189 )
	n( 0.071 0.832 -0.551 )
	n( 0.084 0.978 -0.189 )
	n( -0.259 0.947 -0.189 )
	n( -0.239 0.64 -0.73 )
	n( -0.611 0.769 -0.189 )
	n( -0.364 0.442 -0.82 )
	n( -0.521 0.308 -0.796 )
	n( -0.872 0.452 -0.189 )
	n( -0.772 0.114 -0.625 )
	n( -0.978 0.084 -0.189 )
	n( -0.664 -0.163 -0.73 )
	n( -0.936 -0.297 -0.189 )
	n( -0.551 -0.405 -0.73 )
	n( -0.751 -0.632 -0.189 )
	n( -0.308 -0.521 -0.796 )
	n( -0.452 -0.872 -0.189 )
	n( -0.114 -0.772 -0.625 )
	n( -0.084 -0.978 -0.189 )
	n( 0.163 -0.664 -0.73 )
	n( 0.297 -0.936 -0.189 )
	n( -0.371 0.434 0.821 )
	n( -0.691 0.415 0.591 )
	n( -0.695 0.06 0.717 )
	n( -0.543 -0.177 0.821 )
	n( -0.593 -0.503 0.629 )
	n( -0.259 -0.509 0.821 )
	n( -0.119 -0.798 0.591 )
	n( 0.167 -0.678 0.716 )
	n( 0.364 -0.488 0.793 )
	n( 0.601 -0.355 0.716 )
	n( 0.691 -0.098 0.716 )
	n( 0.676 0.174 0.716 )
	n( 0.558 0.419 0.716 )
	n( 0.355 0.692 0.629 )
	n( 0.014 0.698 0.716 )
	n( -0.255 0.65 0.716 )
	n( 0.417 -0.435 0.798 )
	n( 0.644 -0.765 0 )
	n( 0.9 -0.435 0 )
	n( 0.496 -0.256 0.83 )
	n( 0.999 -0.046 0 )
	n( 0.796 -0.068 0.602 )
	n( 0.944 0.329 0 )
	n( 0.674 0.214 0.707 )
	n( 0.765 0.644 0 )
	n( 0.541 0.455 0.707 )
	n( 0.518 0.855 0 )
	n( 0.284 0.649 0.706 )
	n( 0.151 0.988 0 )
	n( 0.014 0.708 0.706 )
	n( -0.275 0.961 0 )
	n( -0.258 0.659 0.706 )
	n( -0.644 0.765 0 )
	n( -0.491 0.51 0.706 )
	n( -0.888 0.46 0 )
	n( -0.649 0.284 0.706 )
	n( -0.996 0.086 0 )
	n( -0.708 0.014 0.706 )
	n( -0.953 -0.302 0 )
	n( -0.659 -0.258 0.706 )
	n( -0.765 -0.644 0 )
	n( -0.51 -0.491 0.706 )
	n( -0.46 -0.888 0 )
	n( -0.284 -0.649 0.706 )
	n( -0.125 -0.992 0 )
	n( -0.014 -0.708 0.706 )
	n( 0.275 -0.961 0 )
	n( 0.302 -0.774 0.556 )
	n( 0.632 -0.373 -0.679 )
	n( 0.383 -0.513 -0.768 )
	n( 0.726 -0.103 -0.679 )
	n( 0.71 0.183 -0.679 )
	n( 0.621 0.528 -0.579 )
	n( 0.294 0.672 -0.679 )
	n( 0.014 0.734 -0.679 )
	n( -0.186 0.57 -0.8 )
	n( -0.441 0.586 -0.679 )
	n( -0.632 0.373 -0.679 )
	n( -0.835 0.124 -0.536 )
	n( -0.713 -0.175 -0.679 )
	n( -0.513 -0.383 -0.768 )
	n( -0.434 -0.724 -0.536 )
	n( -0.073 -0.812 -0.579 )
	n( 0.177 -0.573 -0.8 )
	n( 0.589 -0.26 -0.765 )
	n( 0.524 -0.546 -0.654 )
	n( 0.552 -0.012 -0.833 )
	n( 0.489 0.157 -0.858 )
	n( 0.627 0.528 -0.573 )
	n( 0.26 0.589 -0.765 )
	n( 0.036 0.423 -0.905 )
	n( -0.248 0.781 -0.573 )
	n( -0.444 0.466 -0.765 )
	n( -0.589 0.26 -0.765 )
	n( -0.552 0.012 -0.833 )
	n( -0.705 -0.275 -0.654 )
	n( -0.399 -0.382 -0.833 )
	n( -0.258 -0.59 -0.765 )
	n( -0.013 -0.643 -0.765 )
	n( 0.235 -0.599 -0.765 )
	n( -0.006 0.026 1 )
	n( -0.026 0.036 0.999 )
	n( 0.005 0.033 0.999 )
	n( 0.017 0.029 0.999 )
	n( 0.027 0.02 0.999 )
	n( 0.033 0.008 0.999 )
	n( 0.033 -0.005 0.999 )
	n( 0.029 -0.017 0.999 )
	n( 0.015 -0.017 1 )
	n( 0.013 -0.031 0.999 )
	n( -0.003 -0.041 0.999 )
	n( -0.017 -0.029 0.999 )
	n( -0.036 -0.026 0.999 )
	n( -0.026 -0.006 1 )
	n( -0.023 0.001 1 )
	n( -0.037 0.018 0.999 )
	n( 0.021 -0.058 -0.998 )
	n( 0.033 -0.039 -0.999 )
	n( -0.003 -0.061 -0.998 )
	n( -0.031 -0.058 -0.998 )
	n( -0.047 -0.04 -0.998 )
	n( -0.054 -0.02 -0.998 )
	n( -0.072 0.006 -0.997 )
	n( -0.054 0.03 -0.998 )
	n( -0.038 0.048 -0.998 )
	n( -0.015 0.055 -0.998 )
	n( 0.009 0.067 -0.998 )
	n( 0.03 0.054 -0.998 )
	n( 0.045 0.035 -0.998 )
	n( 0.06 0.015 -0.998 )
	n( 0.067 -0.009 -0.998 )
	n( 0.054 -0.03 -0.998 )
	n( 0.849 -0.448 0.281 )
	n( 0.827 -0.519 0.215 )
	n( 0.607 -0.766 0.209 )
	n( 0.388 0.648 0.656 )
	n( 0.339 0.703 0.625 )
	n( 0.429 0.628 0.649 )
	n( 0.755 0.02 0.656 )
	n( 0.775 0.092 0.625 )
	n( 0.76 -0.025 0.649 )
	n( 0.052 -0.958 0.281 )
	n( -0.02 -0.976 0.215 )
	n( -0.345 -0.915 0.209 )
	n( -0.943 0.326 0.072 )
	n( -0.92 0.391 -0.001 )
	n( -0.743 0.67 -0.012 )
	n( 0.12 0.746 0.656 )
	n( 0.054 0.779 0.625 )
	n( 0.166 0.742 0.649 )
	n( -0.319 -0.932 0.168 )
	n( -0.386 -0.918 0.095 )
	n( -0.665 -0.743 0.071 )
	n( 0 0 1 )
	n( 0.265 0.223 0.938 )
	n( 0.64 0.352 0.683 )
	n( -0.456 -0.571 0.683 )
	n( -0.265 -0.223 0.938 )
	u0( 0.962 0.691 )
	u0( 0.731 0.596 )
	u0( 0.908 0.772 )
	u0( 0.854 0.854 )
	u0( 0.677 0.677 )
	u0( 0.772 0.908 )
	u0( 0.404 0.731 )
	u0( 0.5 0.5 )
	u0( 0.323 0.677 )
	u0( 0.228 0.908 )
	u0( 0.146 0.854 )
	u0( 0.092 0.772 )
	u0( 0.269 0.596 )
	u0( 0.038 0.691 )
	u0( 0.146 0.146 )
	u0( 0.323 0.323 )
	u0( 0.228 0.092 )
	u0( 0.309 0.038 )
	u0( 0.404 0.269 )
	u0( 0.404 0.019 )
	u0( 0.596 0.019 )
	u0( 0.596 0.269 )
	u0( 0.691 0.038 )
	u0( 0.772 0.092 )
	u0( 0.677 0.323 )
	u0( 0.854 0.146 )
	u0( 1 1 )
	u0( 1 0 )
	u0( 1 1 )
	u0( 1 1 )
	u0( 1 0 )
	u0( 1 1 )
	u0( 1 1 )
	u0( 1 0 )
	u0( 1 1 )
	u0( 1 1 )
	u0( 1 0 )
	u0( 1 1 )
	u0( 0.622 0.69 )
	u0( 0.635 0.596 )
	u0( 0.595 0.593 )
	u0( 0.513 0.592 )
	u0( 0.472 0.593 )
	u0( 0.489 0.688 )
	u0( 0.647 0.504 )
	u0( 0.656 0.407 )
	u0( 0.61 0.41 )
	u0( 0.509 0.409 )
	u0( 0.453 0.404 )
	u0( 0.46 0.502 )
	u0( 0.657 0.297 )
	u0( 0.451 0.291 )
	u0( 0.612 0.195 )
	u0( 0.654 0.185 )
	u0( 0.646 0.083 )
	u0( 0.522 -0.047 )
	u0( 0.487 -0.071 )
	u0( 0.468 0.048 )
	u0( 0.519 0.887 )
	u0( 0.53 0.963 )
	u0( 0.543 0.985 )
	u0( 0.571 0.985 )
	u0( 0.584 0.963 )
	u0( 0.597 0.888 )
	u0( 0.347 0.382 )
	u0( 0.35 0.476 )
	u0( 0.368 0.473 )
	u0( 0.405 0.465 )
	u0( 0.424 0.459 )
	u0( 0.419 0.37 )
	u0( 0.352 0.545 )
	u0( 0.355 0.598 )
	u0( 0.372 0.6 )
	u0( 0.409 0.584 )
	u0( 0.429 0.568 )
	u0( 0.427 0.516 )
	u0( 0.362 0.646 )
	u0( 0.368 0.697 )
	u0( 0.38 0.705 )
	u0( 0.406 0.715 )
	u0( 0.42 0.718 )
	u0( 0.426 0.643 )
	u0( 0.37 0.76 )
	u0( 0.387 0.821 )
	u0( 0.394 0.811 )
	u0( 0.407 0.768 )
	u0( 0.409 0.227 )
	u0( 0.402 0.2 )
	u0( 0.39 0.194 )
	u0( 0.36 0.2 )
	u0( 0.349 0.209 )
	u0( 0.344 0.238 )
	u0( 0.05 0.803 )
	u0( 0.041 0.663 )
	u0( 0.1 0.666 )
	u0( 0.222 0.674 )
	u0( 0.284 0.679 )
	u0( 0.267 0.819 )
	u0( 0.026 0.545 )
	u0( 0.021 0.442 )
	u0( 0.085 0.448 )
	u0( 0.044 0.348 )
	u0( 0.074 0.254 )
	u0( 0.118 0.252 )
	u0( 0.093 0.15 )
	u0( 0.241 0.184 )
	u0( 0.266 0.257 )
	u0( 0.214 0.253 )
	u0( 0.235 1.009 )
	u0( 0.218 1.039 )
	u0( 0.185 1.046 )
	u0( 0.103 1.04 )
	u0( 0.071 1.029 )
	u0( 0.059 0.996 )
	u0( 0.439 0.645 )
	u0( 0.438 0.563 )
	u0( 0.4 0.574 )
	u0( 0.323 0.595 )
	u0( 0.284 0.607 )
	u0( 0.292 0.687 )
	u0( 0.444 0.486 )
	u0( 0.447 0.417 )
	u0( 0.405 0.431 )
	u0( 0.32 0.452 )
	u0( 0.276 0.46 )
	u0( 0.277 0.534 )
	u0( 0.438 0.355 )
	u0( 0.285 0.377 )
	u0( 0.398 0.295 )
	u0( 0.427 0.296 )
	u0( 0.421 0.232 )
	u0( 0.379 0.182 )
	u0( 0.363 0.196 )
	u0( 0.333 0.245 )
	u0( 0.311 0.838 )
	u0( 0.326 0.886 )
	u0( 0.352 0.899 )
	u0( 0.412 0.891 )
	u0( 0.434 0.87 )
	u0( 0.441 0.81 )
	u0( 0.421 0.491 )
	u0( 0.427 0.445 )
	u0( 0.406 0.443 )
	u0( 0.363 0.442 )
	u0( 0.341 0.442 )
	u0( 0.344 0.488 )
	u0( 0.432 0.403 )
	u0( 0.434 0.362 )
	u0( 0.412 0.361 )
	u0( 0.364 0.36 )
	u0( 0.338 0.359 )
	u0( 0.338 0.4 )
	u0( 0.431 0.319 )
	u0( 0.342 0.317 )
	u0( 0.406 0.276 )
	u0( 0.423 0.277 )
	u0( 0.411 0.237 )
	u0( 0.379 0.199 )
	u0( 0.372 0.196 )
	u0( 0.362 0.232 )
	u0( 0.348 0.554 )
	u0( 0.353 0.568 )
	u0( 0.366 0.569 )
	u0( 0.382 0.549 )
	u0( 0.382 0.567 )
	u0( 0.393 0.569 )
	u0( 0.492 0.288 )
	u0( 0.482 0.435 )
	u0( 0.518 0.44 )
	u0( 0.592 0.442 )
	u0( 0.63 0.44 )
	u0( 0.615 0.291 )
	u0( 0.469 0.573 )
	u0( 0.455 0.712 )
	u0( 0.5 0.712 )
	u0( 0.6 0.714 )
	u0( 0.655 0.716 )
	u0( 0.642 0.577 )
	u0( 0.44 0.865 )
	u0( 0.668 0.869 )
	u0( 0.496 1.055 )
	u0( 0.441 1.048 )
	u0( 0.474 1.276 )
	u0( 0.584 1.52 )
	u0( 0.605 1.54 )
	u0( 0.64 1.306 )
	u0( 0.59 -0.057 )
	u0( 0.579 -0.201 )
	u0( 0.566 -0.244 )
	u0( 0.539 -0.244 )
	u0( 0.526 -0.202 )
	u0( 0.513 -0.059 )
	u0( 0.215 0.711 )
	u0( 0.22 0.611 )
	u0( 0.186 0.617 )
	u0( 0.09 0.629 )
	u0( 0.029 0.635 )
	u0( 0.047 0.735 )
	u0( 0.229 0.524 )
	u0( 0.238 0.432 )
	u0( 0.194 0.437 )
	u0( 0.077 0.444 )
	u0( 0.004 0.447 )
	u0( 0.014 0.543 )
	u0( 0.241 0.318 )
	u0( 0.002 0.332 )
	u0( 0.186 0.208 )
	u0( 0.237 0.194 )
	u0( 0.224 0.072 )
	u0( 0.097 0.03 )
	u0( 0.054 0.004 )
	u0( 0.025 0.099 )
	u0( 0.072 0.911 )
	u0( 0.085 0.963 )
	u0( 0.113 0.973 )
	u0( 0.173 0.978 )
	u0( 0.194 0.969 )
	u0( 0.206 0.906 )
	u0( 0.25 0.766 )
	u0( 0.254 0.643 )
	u0( 0.203 0.638 )
	u0( 0.098 0.63 )
	u0( 0.044 0.628 )
	u0( 0.065 0.753 )
	u0( 0.264 0.54 )
	u0( 0.27 0.449 )
	u0( 0.214 0.447 )
	u0( 0.264 0.362 )
	u0( 0.253 0.268 )
	u0( 0.205 0.259 )
	u0( 0.241 0.158 )
	u0( 0.045 0.152 )
	u0( 0.041 0.246 )
	u0( 0.099 0.248 )
	u0( 0.144 0.992 )
	u0( 0.171 0.989 )
	u0( 0.17 0.935 )
	u0( 0.203 0.989 )
	u0( 0.852 0.709 )
	u0( 0.854 0.596 )
	u0( 0.805 0.603 )
	u0( 0.703 0.62 )
	u0( 0.651 0.629 )
	u0( 0.671 0.746 )
	u0( 0.857 0.516 )
	u0( 0.852 0.443 )
	u0( 0.799 0.45 )
	u0( 0.834 0.351 )
	u0( 0.816 0.249 )
	u0( 0.777 0.248 )
	u0( 0.807 0.143 )
	u0( 0.667 0.167 )
	u0( 0.651 0.26 )
	u0( 0.695 0.254 )
	u0( 0.724 0.929 )
	u0( 0.752 0.973 )
	u0( 0.776 0.984 )
	u0( 0.82 0.978 )
	u0( 0.838 0.961 )
	u0( 0.845 0.909 )
	u0( 0.642 0.773 )
	u0( 0.638 0.661 )
	u0( 0.585 0.666 )
	u0( 0.48 0.676 )
	u0( 0.427 0.682 )
	u0( 0.442 0.794 )
	u0( 0.642 0.557 )
	u0( 0.645 0.463 )
	u0( 0.588 0.472 )
	u0( 0.472 0.48 )
	u0( 0.412 0.479 )
	u0( 0.415 0.58 )
	u0( 0.635 0.378 )
	u0( 0.428 0.37 )
	u0( 0.582 0.273 )
	u0( 0.622 0.28 )
	u0( 0.614 0.148 )
	u0( 0.517 0.062 )
	u0( 0.481 0.111 )
	u0( 0.462 0.201 )
	u0( 0.468 0.953 )
	u0( 0.487 0.982 )
	u0( 0.521 0.987 )
	u0( 0.603 0.979 )
	u0( 0.635 0.967 )
	u0( 0.648 0.934 )
	u0( 0.854 0.8 )
	u0( 0.87 0.694 )
	u0( 0.816 0.69 )
	u0( 0.708 0.679 )
	u0( 0.655 0.672 )
	u0( 0.656 0.785 )
	u0( 0.879 0.601 )
	u0( 0.879 0.509 )
	u0( 0.826 0.502 )
	u0( 0.712 0.483 )
	u0( 0.65 0.471 )
	u0( 0.651 0.569 )
	u0( 0.869 0.409 )
	u0( 0.659 0.371 )
	u0( 0.809 0.291 )
	u0( 0.853 0.301 )
	u0( 0.835 0.19 )
	u0( 0.72 0.035 )
	u0( 0.691 0.012 )
	u0( 0.679 0.137 )
	u0( 0.724 0.985 )
	u0( 0.759 0.983 )
	u0( 0.756 0.939 )
	u0( 0.791 0.987 )
	u0( 0.376 0.874 )
	u0( 0.381 0.859 )
	u0( 0.181 0.071 )
	u0( 0.147 -0.042 )
	u0( 0.167 -0.005 )
	u0( 0.402 0.126 )
	u0( 0.391 0.143 )
	u0( 0.141 -0.033 )
	u0( 0.112 -0.026 )
	u0( 0.117 0.006 )
	u0( 0.179 -0.149 )
	u0( 0.141 -0.107 )
	u0( 0.719 0.033 )
	u0( 0.753 -0.09 )
	u0( 0.731 -0.055 )
	u0( 0.555 -0.099 )
	u0( 0.529 -0.04 )
	u0( 1 0 )
	u0( 1 0 )
	u0( 1 0 )
	u0( 0.547 1.662 )
	u0( 0.561 1.515 )
	u0( 0.517 1.497 )
	u0( 0.207 0.868 )
	u0( 0.127 0.863 )
	u0( 0.557 0.936 )
	u0( 0.599 0.872 )
	u0( 0.503 0.882 )
	u0( 0.785 0.912 )
	u0( 0.81 0.826 )
	u0( 0.734 0.841 )
	u0( 0.399 0.527 )
	u0( 0.365 0.525 )
	u0( 0.386 0.2 )
	u0( 0.398 0.203 )
	u0( 0.39 0.177 )
	u0( 0.797 0.886 )
	u0( 0.708 0.88 )
	u0( 0.751 0.046 )
	u0( 0.811 0.071 )
	u0( 0.776 -0.057 )
	u0( 0.376 0.818 )
	u0( 0.405 0.734 )
	u0( 0.336 0.752 )
	u0( 0.551 -0.043 )
	u0( 0.527 0.136 )
	u0( 0.576 0.137 )
	u0( 0.558 0.879 )
	u0( 0.584 0.781 )
	u0( 0.532 0.78 )
	u0( 0.589 -0.159 )
	u0( 0.559 -0.04 )
	u0( 0.627 -0.026 )
	u0( 0.377 0.239 )
	u0( 0.362 0.295 )
	u0( 0.397 0.289 )
	u0( 0.141 0.894 )
	u0( 0.175 0.811 )
	u0( 0.101 0.82 )
	u0( 0.148 0.998 )
	u0( 0.104 0.927 )
	u0( 0.199 0.933 )
	u0( 1 0 )
	u0( 1 0 )
	u0( 1 0 )
	u0( 1 0 )
	u0( 1 0 )
	u0( 0.596 0.019 )
	u0( 0.691 0.038 )
	u0( 0.309 0.038 )
	u0( 0.404 0.019 )
	u0( 0.038 0.309 )
	u0( 0.038 0.309 )
	u0( 0.092 0.228 )
	u0( 0.981 0.596 )
	u0( 0.981 0.596 )
	u0( 0.962 0.691 )
	u0( 0.908 0.228 )
	u0( 0.962 0.309 )
	u0( 0.962 0.309 )
	u0( 1 0 )
	u0( 1 0 )
	u0( 1 1 )
	u0( 1 1 )
	u0( 1 0 )
	u0( 1 1 )
	u0( 1 0 )
	u0( 1 1 )
	u0( 1 1 )
	u0( 0.5 0.25 )
	u0( 0.25 0.5 )
	u0( 0.269 0.404 )
	u0( 0.596 0.731 )
	u0( 0.5 0.75 )
	u0( 0.75 0.5 )
	u0( 0.731 0.404 )
	u0( 0.981 0.404 )
	u0( 0.019 0.404 )
	u0( 0.309 0.962 )
	u0( 0.404 0.981 )
	u0( 0.596 0.981 )
	u0( 0.691 0.962 )
	u0( 1 0.5 )
	u0( 0.981 0.596 )
	u0( 0.981 0.596 )
	u0( 0.691 0.962 )
	u0( 0.596 0.981 )
	u0( 0.596 0.981 )
	u0( 0.596 0.981 )
	u0( 0.5 1 )
	u0( 0.596 0.981 )
	u0( 0.5 1 )
	u0( 0.404 0.981 )
	u0( 0.404 0.981 )
	u0( 0.404 0.981 )
	u0( 0.309 0.962 )
	u0( 0.404 0.981 )
	u0( 0.962 0.309 )
	u0( 0.981 0.404 )
	u0( 0.962 0.309 )
	u0( 0.019 0.404 )
	u0( 0.038 0.309 )
	u0( 0.038 0.309 )
	u0( 0.228 0.092 )
	u0( 0.309 0.038 )
	u0( 0.309 0.038 )
	u0( 0.772 0.092 )
	u0( 0.691 0.038 )
	u0( 0.691 0.038 )
	u0( 0.854 0.146 )
	u0( 0.772 0.092 )
	u0( 0.772 0.092 )
	u0( 0.772 0.092 )
	u0( 0.5 0 )
	u0( 0.596 0.019 )
	u0( 0.596 0.019 )
	u0( 0.596 0.019 )
	u0( 0.691 0.038 )
	u0( 0.596 0.019 )
	u0( 0.404 0.019 )
	u0( 0.309 0.038 )
	u0( 0.404 0.019 )
	u0( 0.404 0.019 )
	u0( 0.404 0.019 )
	u0( 0.5 0 )
	u0( 0.228 0.092 )
	u0( 0.146 0.146 )
	u0( 0.228 0.092 )
	u0( 0.228 0.092 )
	u0( 0.038 0.309 )
	u0( 0.092 0.228 )
	u0( 0.092 0.228 )
	u0( 0.092 0.228 )
	u0( 0.146 0.146 )
	u0( 0.092 0.228 )
	u0( 0 0.5 )
	u0( 0.019 0.404 )
	u0( 0.019 0.404 )
	u0( 0.019 0.404 )
	u0( 0.038 0.309 )
	u0( 0.019 0.404 )
	u0( 0.019 0.596 )
	u0( 0 0.5 )
	u0( 0.019 0.596 )
	u0( 0.019 0.596 )
	u0( 0.019 0.596 )
	u0( 0.038 0.691 )
	u0( 0.146 0.854 )
	u0( 0.092 0.772 )
	u0( 0.092 0.772 )
	u0( 0.092 0.772 )
	u0( 0.038 0.691 )
	u0( 0.092 0.772 )
	u0( 0.228 0.908 )
	u0( 0.146 0.854 )
	u0( 0.228 0.908 )
	u0( 0.228 0.908 )
	u0( 0.228 0.908 )
	u0( 0.309 0.962 )
	u0( 0.854 0.854 )
	u0( 0.772 0.908 )
	u0( 0.772 0.908 )
	u0( 0.772 0.908 )
	u0( 0.691 0.962 )
	u0( 0.772 0.908 )
	u0( 0.962 0.691 )
	u0( 0.908 0.772 )
	u0( 0.908 0.772 )
	u0( 0.908 0.772 )
	u0( 0.854 0.854 )
	u0( 0.908 0.772 )
	u0( 0.981 0.404 )
	u0( 1 0.5 )
	u0( 0.981 0.404 )
	u0( 0.981 0.404 )
	u0( 0.981 0.404 )
	u0( 0.962 0.309 )
	u0( 0.854 0.146 )
	u0( 0.908 0.228 )
	u0( 0.908 0.228 )
	u0( 0.908 0.228 )
	u0( 0.962 0.309 )
	u0( 0.908 0.228 )
	u0( 0.5 0 )
	u0( 0.5 0 )
	u0( 0.092 0.228 )
	u0( 0.146 0.146 )
	u0( 0.146 0.146 )
	u0( 0.146 0.146 )
	u0( 0.228 0.092 )
	u0( 0.146 0.146 )
	u0( 0 0.5 )
	u0( 0.019 0.404 )
	u0( 0 0.5 )
	u0( 0 0.5 )
	u0( 0 0.5 )
	u0( 0.019 0.596 )
	u0( 0.038 0.691 )
	u0( 0.019 0.596 )
	u0( 0.038 0.691 )
	u0( 0.038 0.691 )
	u0( 0.038 0.691 )
	u0( 0.092 0.772 )
	u0( 0.146 0.854 )
	u0( 0.146 0.854 )
	u0( 0.309 0.962 )
	u0( 0.309 0.962 )
	u0( 0.5 1 )
	u0( 0.5 1 )
	u0( 0.691 0.962 )
	u0( 0.691 0.962 )
	u0( 0.854 0.854 )
	u0( 0.854 0.854 )
	u0( 0.981 0.596 )
	u0( 0.962 0.691 )
	u0( 0.962 0.691 )
	u0( 0.962 0.691 )
	u0( 0.908 0.772 )
	u0( 0.962 0.691 )
	u0( 1 0.5 )
	u0( 0.981 0.596 )
	u0( 1 0.5 )
	u0( 1 0.5 )
	u0( 1 0.5 )
	u0( 0.981 0.404 )
	u0( 0.854 0.146 )
	u0( 0.854 0.146 )
	u0( 0.854 0.146 )
	u0( 0.908 0.228 )
	u0( 1 0.5 )
	u0( 0.019 0.596 )
	u0( 0 0.5 )
	u0( 0.908 0.228 )
	u0( 0.5 1 )
	u0( 0.092 0.228 )
	u0( 0.5 0 )
	u0( 1 1 )
	u0( 1 0 )
	u0( 1 1 )
	u0( 1 1 )
	u0( 1 0 )
	u0( 1 1 )
	u0( 1 1 )
	u0( 1 0 )
	u0( 1 1 )
	u0( 1 1 )
	u0( 1 1 )
	u0( 1 0 )
	u0( 1 1 )
	u0( 1 1 )
	u0( 0.29 0.556 )
	u0( 0.218 0.45 )
	u0( 0.288 0.446 )
	u0( 0.281 0.345 )
	u0( 0.035 0.519 )
	u0( 0.095 0.434 )
	u0( 0.033 0.422 )
	u0( 0.036 0.333 )
	u0( 0.642 0.526 )
	u0( 0.693 0.444 )
	u0( 0.64 0.432 )
	u0( 0.643 0.346 )
	u0( 1 0 )
	u0( 1 0 )
	u0( 1 0 )
	u0( 1 0 )
	u0( 1 0 )
	u0( 1 0 )
	u0( 1 0 )
	u0( 1 1 )
	u0( 1 0 )
	u0( 1 1 )
	u0( 1 1 )
	u0( 1 1 )
	u0( 1 0 )
	u0( 1 1 )
	u0( 1 0 )
	u0( 1 1 )
	u0( 1 0 )
	u0( 1 1 )
	u0( 0.61 0.787 )
	u0( 0.564 0.08 )
	u0( 0.455 0.169 )
	u0( 0.513 0.187 )
	u0( 0.507 0.786 )
	u0( 0.558 0.983 )
	u0( 0.345 0.294 )
	u0( 0.371 0.824 )
	u0( 0.375 0.828 )
	u0( 0.413 0.282 )
	u0( 0.375 0.198 )
	u0( 0.056 0.926 )
	u0( 0.21 0.102 )
	u0( 0.247 0.94 )
	u0( 0.144 1.042 )
	u0( 0.301 0.766 )
	u0( 0.304 0.3 )
	u0( 0.337 0.298 )
	u0( 0.416 0.171 )
	u0( 0.407 0.169 )
	u0( 0.383 0.894 )
	u0( 0.441 0.729 )
	u0( 0.414 0.531 )
	u0( 0.347 0.528 )
	u0( 0.387 0.234 )
	u0( 0.369 0.275 )
	u0( 0.408 0.556 )
	u0( 0.502 0.124 )
	u0( 0.601 0.127 )
	u0( 0.667 1.059 )
	u0( 0.609 1.061 )
	u0( 0.556 1.295 )
	u0( 0.552 -0.24 )
	u0( 0.211 0.813 )
	u0( 0.202 -0.027 )
	u0( 0.175 0.013 )
	u0( 0.008 0.212 )
	u0( 0.072 0.217 )
	u0( 0.063 0.83 )
	u0( 0.145 0.969 )
	u0( 0.089 0.867 )
	u0( 0.068 0.031 )
	u0( 0.244 0.944 )
	u0( 0.231 0.978 )
	u0( 0.248 0.876 )
	u0( 0.696 0.853 )
	u0( 0.798 0.979 )
	u0( 0.848 0.824 )
	u0( 0.648 0.872 )
	u0( 0.456 0.892 )
	u0( 0.448 0.271 )
	u0( 0.495 0.268 )
	u0( 0.562 0.982 )
	u0( 0.838 0.894 )
	u0( 0.659 0.884 )
	u0( 0.671 0.263 )
	u0( 0.718 0.271 )
	u0( 0.758 0.162 )
	u0( 0.816 0.982 )
	u0( 0.828 0.953 )
	u0( 0.408 0.132 )
	u0( 0.201 -0.112 )
	u0( 0.201 0.001 )
	u0( 0.574 -0.09 )
	u0( 0.581 0.006 )
	u0( 1 0 )
	u0( 1 0 )
	u0( 1 0 )
	u0( 1 1 )
	u0( 1 1 )
	u0( 0.108 0.045 )
	u0( 0.128 0.041 )
	u0( 0.35 0.275 )
	u0( 0.402 0.568 )
	u0( 0.229 0.024 )
	u0( 0.106 0.941 )
	u0( 0.123 0.981 )
	u0( 0.799 0.031 )
	u0( 0.776 0.018 )
	u0( 0.689 0.06 )
	u0( 0.603 0.005 )
	u0( 0.671 0.947 )
	u0( 0.692 0.978 )
	u0( 0.374 0.867 )
	u0( 0.132 -0.031 )
	u0( 0.165 -0.039 )
	u0( 0.771 -0.067 )
	u0( 1 0 )
	u0( 1 0 )
	u0( 1 0 )
	u0( 0.577 1.645 )
	u0( 0.584 1.69 )
	u0( 0.568 1.738 )
	u0( 0.724 -0.049 )
	u0( 0.528 -0.14 )
	u0( 0.513 -0.189 )
	u0( 0.546 -0.24 )
	u0( 0.381 0.18 )
	u0( 0.379 0.173 )
	u0( 0.384 0.165 )
	u0( 0.711 -0.094 )
	u0( 0.74 -0.133 )
	u0( 1 1 )
	u0( 1 1 )
	u0( 1 1 )
	u0( 1 1 )
	u0( 1 1 )
	u0( 1 1 )
	u0( 1 1 )
	u0( 1 1 )
	u0( 1 1 )
	u0( 1 1 )
	u0( 1 1 )
	u0( 1 1 )
	u0( 1 1 )
	u0( 1 1 )
	u0( 1 1 )
	u0( 1 1 )
	u0( 1 1 )
	u0( 1 1 )
	u0( 1 1 )
	u0( 1 1 )
	u0( 1 1 )
	u0( 1 1 )
	u0( 1 1 )
	u0( 1 1 )
	u0( 1 1 )
	u0( 1 1 )
	u0( 1 1 )
	u0( 1 1 )
	u0( 1 1 )
	u0( 1 1 )
	u0( 1 1 )
	u0( 1 1 )
	u0( 1 1 )
	u0( 1 1 )
	u0( 1 1 )
	u0( 1 1 )
	u0( 1 1 )
	u0( 1 1 )
	u0( 1 1 )
	u0( 1 1 )
	u0( 1 1 )
	u0( 1 1 )
	u0( 1 1 )
	u0( 1 1 )
	u0( 1 1 )
	u0( 1 1 )
	u0( 1 1 )
	u0( 1 1 )
	u0( 1 1 )
	u0( 1 1 )
	u0( 1 1 )
	u0( 1 1 )
	u0( 1 1 )
	u0( 1 1 )
	u0( 1 1 )
	u0( 1 1 )
	u0( 1 1 )
	u0( 1 1 )
	u0( 1 1 )
	u0( 1 1 )
	u0( 1 1 )
	u0( 1 1 )
	u0( 1 1 )
	u0( 1 1 )
	u0( 1 1 )
	u0( 1 1 )
	u0( 1 1 )
	u0( 1 1 )
	u0( 1 1 )
	u0( 1 1 )
	u0( 1 1 )
	u0( 1 1 )
	u0( 1 1 )
	u0( 1 1 )
	u0( 1 1 )
	u0( 1 1 )
	u0( 1 1 )
	u0( 1 1 )
	u0( 1 1 )
	u0( 1 1 )
	u0( 1 1 )
	u0( 1 1 )
	u0( 1 1 )
	u0( 1 1 )
	u0( 1 1 )
	u0( 1 1 )
	u0( 1 1 )
	u0( 1 1 )
	u0( 1 1 )
	u0( 1 1 )
	u0( 1 1 )
	u0( 1 1 )
	u0( 1 1 )
	u0( 1 1 )
	u0( 1 1 )
	u0( 1 1 )
	u0( 1 1 )
	u0( 1 1 )
	u0( 1 1 )
	u0( 1 1 )
	u0( 1 1 )
	u0( 1 1 )
	u0( 1 1 )
	u0( 1 1 )
	u0( 1 1 )
	u0( 1 1 )
	u0( 1 1 )
	u0( 1 1 )
	u0( 1 1 )
	u0( 1 1 )
	u0( 1 1 )
	u0( 1 1 )
	u0( 1 0 )
	u0( 1 1 )
	u0( 1 0 )
	u0( 1 0 )
	u0( 1 0 )
	u0( 1 0 )
	u0( 1 0 )
	u0( 1 0 )
	u0( 1 0 )
	u0( 1 0 )
	u0( 1 0 )
	u0( 1 0 )
	u0( 1 0 )
	u0( 1 0 )
	u0( 1 0 )
	u0( 1 0 )
	u0( 1 0 )
	u0( 1 1 )
	u0( 1 0 )
	u0( 1 0 )
	u0( 1 0 )
	u0( 1 0 )
	u0( 1 0 )
	u0( 1 0 )
	u0( 1 0 )
	u0( 1 0 )
	u0( 1 0 )
	u0( 1 0 )
	u0( 1 0 )
	u0( 1 0 )
	u0( 1 0 )
	u0( 1 0 )
	u0( 0.514 -0.05 )
	u0( 0.551 -0.166 )
	u0( 0.582 -0.124 )
	u0( 0.72 -0.07 )
	u0( 0.753 -0.145 )
	u0( 0.78 -0.088 )
	u0( 0.126 -0.134 )
	u0( 0.187 -0.23 )
	u0( 0.216 -0.142 )
	u0( 0.094 -0.06 )
	u0( 0.137 -0.09 )
	u0( 0.173 -0.08 )
	u0( 0.386 0.138 )
	u0( 0.402 0.103 )
	u0( 0.411 0.121 )
	u0( 0.177 -0.014 )
	u0( 0.147 -0.09 )
	u0( 0.125 -0.053 )
	u0( 0.383 0.865 )
	u0( 0.375 0.898 )
	u0( 0.372 0.877 )
	u0( 1 0 )
	u0( 1 0 )
	u0( 1 1 )
	u0( 1 1 )
	u0( 1 0 )
	ng( 4 )
	g( "pot" )
	mt( "material/maceta" )
	ni( 749 5 )
	i( 3 572 598 573 )
	i( 3 573 570 570 )
	i( 3 568 598 599 )
	i( 3 572 574 573 )
	i( 3 575 600 602 )
	i( 3 601 603 603 )
	i( 3 601 601 601 )
	i( 3 600 878 878 )
	i( 3 603 603 603 )
	i( 3 879 398 398 )
	i( 3 601 601 603 )
	i( 3 878 879 396 )
	i( 3 398 397 26 )
	i( 3 27 28 30 )
	i( 3 29 29 397 )
	i( 3 397 397 396 )
	i( 3 27 27 31 )
	i( 3 31 31 30 )
	i( 3 604 604 30 )
	i( 3 30 29 31 )
	i( 3 605 604 576 )
	i( 3 577 578 579 )
	i( 3 607 606 393 )
	i( 3 393 576 576 )
	i( 3 576 578 605 )
	i( 3 605 579 579 )
	i( 3 579 577 606 )
	i( 3 606 28 28 )
	i( 3 26 29 754 )
	i( 3 29 753 605 )
	i( 3 752 578 751 )
	i( 3 607 750 607 )
	i( 3 395 393 393 )
	i( 3 753 753 830 )
	i( 3 754 754 678 )
	i( 3 678 678 609 )
	i( 3 679 748 395 )
	i( 3 749 750 834 )
	i( 3 751 833 752 )
	i( 3 832 832 777 )
	i( 3 777 777 775 )
	i( 3 832 775 833 )
	i( 3 773 834 771 )
	i( 3 834 835 749 )
	i( 3 748 748 773 )
	i( 3 773 773 774 )
	i( 3 775 775 771 )
	i( 3 771 773 772 )
	i( 3 774 798 799 )
	i( 3 849 849 34 )
	i( 3 34 746 609 )
	i( 3 747 748 836 )
	i( 3 835 769 771 )
	i( 3 770 772 797 )
	i( 3 797 35 35 )
	i( 3 37 34 34 )
	i( 3 814 814 851 )
	i( 3 850 851 797 )
	i( 3 796 770 768 )
	i( 3 769 766 767 )
	i( 3 765 837 837 )
	i( 3 796 796 768 )
	i( 3 766 766 765 )
	i( 3 765 765 764 )
	i( 3 766 795 796 )
	i( 3 852 851 852 )
	i( 3 813 812 812 )
	i( 3 837 837 837 )
	i( 3 765 838 765 )
	i( 3 763 765 762 )
	i( 3 764 794 795 )
	i( 3 853 852 811 )
	i( 3 812 812 762 )
	i( 3 762 762 792 )
	i( 3 794 854 853 )
	i( 3 810 811 811 )
	i( 3 792 792 854 )
	i( 3 855 810 808 )
	i( 3 808 812 812 )
	i( 3 811 719 810 )
	i( 3 717 808 713 )
	i( 3 713 762 762 )
	i( 3 762 761 792 )
	i( 3 793 855 841 )
	i( 3 808 809 713 )
	i( 3 714 713 712 )
	i( 3 713 716 716 )
	i( 3 760 760 791 )
	i( 3 761 790 793 )
	i( 3 807 793 840 )
	i( 3 841 823 809 )
	i( 3 714 714 714 )
	i( 3 714 714 743 )
	i( 3 823 822 840 )
	i( 3 842 807 806 )
	i( 3 790 788 790 )
	i( 3 789 791 791 )
	i( 3 743 743 822 )
	i( 3 741 741 842 )
	i( 3 842 822 821 )
	i( 3 741 739 741 )
	i( 3 740 741 742 )
	i( 3 743 715 715 )
	i( 3 806 806 806 )
	i( 3 842 843 821 )
	i( 3 820 739 737 )
	i( 3 739 738 740 )
	i( 3 594 742 593 )
	i( 3 593 843 843 )
	i( 3 844 820 820 )
	i( 3 738 738 738 )
	i( 3 698 594 594 )
	i( 3 737 737 737 )
	i( 3 736 738 595 )
	i( 3 698 567 594 )
	i( 3 375 593 375 )
	i( 3 592 375 376 )
	i( 3 373 373 736 )
	i( 3 736 596 595 )
	i( 3 566 567 373 )
	i( 3 375 375 734 )
	i( 3 734 596 597 )
	i( 3 566 328 373 )
	i( 3 374 372 675 )
	i( 3 676 722 677 )
	i( 3 677 722 722 )
	i( 3 722 675 724 )
	i( 3 724 376 376 )
	i( 3 376 373 392 )
	i( 3 372 677 676 )
	i( 3 676 718 718 )
	i( 3 721 720 722 )
	i( 3 723 724 725 )
	i( 3 725 713 713 )
	i( 3 713 716 717 )
	i( 3 718 719 720 )
	i( 3 812 723 813 )
	i( 3 725 813 814 )
	i( 3 851 851 772 )
	i( 3 772 772 797 )
	i( 3 798 850 849 )
	i( 3 814 815 725 )
	i( 3 726 724 727 )
	i( 3 675 675 726 )
	i( 3 726 728 815 )
	i( 3 816 849 848 )
	i( 3 799 800 774 )
	i( 3 776 775 777 )
	i( 3 777 752 752 )
	i( 3 832 831 777 )
	i( 3 779 777 778 )
	i( 3 776 801 800 )
	i( 3 847 848 817 )
	i( 3 817 752 752 )
	i( 3 753 831 830 )
	i( 3 779 779 731 )
	i( 3 731 733 817 )
	i( 3 818 847 846 )
	i( 3 801 802 778 )
	i( 3 780 779 781 )
	i( 3 781 784 784 )
	i( 3 784 804 782 )
	i( 3 803 780 803 )
	i( 3 802 803 846 )
	i( 3 845 818 819 )
	i( 3 818 735 733 )
	i( 3 734 732 597 )
	i( 3 597 804 804 )
	i( 3 804 803 845 )
	i( 3 845 805 805 )
	i( 3 843 804 844 )
	i( 3 845 820 819 )
	i( 3 737 735 736 )
	i( 3 734 596 596 )
	i( 3 599 599 599 )
	i( 3 574 758 757 )
	i( 3 826 827 787 )
	i( 3 785 786 784 )
	i( 3 805 784 804 )
	i( 3 804 827 827 )
	i( 3 785 828 785 )
	i( 3 783 784 782 )
	i( 3 782 757 757 )
	i( 3 757 827 756 )
	i( 3 828 755 828 )
	i( 3 829 783 781 )
	i( 3 782 780 780 )
	i( 3 779 779 781 )
	i( 3 830 829 754 )
	i( 3 755 26 755 )
	i( 3 398 756 603 )
	i( 3 757 602 574 )
	i( 3 575 575 570 )
	i( 3 570 570 571 )
	i( 3 36 36 32 )
	i( 3 32 34 33 )
	i( 3 35 36 37 )
	i( 3 571 569 570 )
	i( 3 569 568 569 )
	i( 3 599 759 759 )
	i( 3 32 32 32 )
	i( 3 608 33 33 )
	i( 3 824 824 824 )
	i( 3 825 759 744 )
	i( 3 569 569 789 )
	i( 3 789 789 791 )
	i( 3 824 760 825 )
	i( 3 839 744 745 )
	i( 3 569 745 37 )
	i( 3 746 34 34 )
	i( 3 746 746 746 )
	i( 3 745 839 839 )
	i( 3 767 767 837 )
	i( 3 769 837 836 )
	i( 3 837 747 837 )
	i( 3 746 838 839 )
	i( 3 763 760 762 )
	i( 3 761 761 880 )
	i( 3 880 394 881 )
	i( 3 881 606 606 )
	i( 3 393 394 395 )
	i( 3 880 679 881 )
	i( 3 678 608 609 )
	i( 3 32 34 34 )
	i( 3 848 848 817 )
	i( 3 816 731 728 )
	i( 3 730 729 327 )
	i( 3 729 699 729 )
	i( 3 727 728 726 )
	i( 3 726 730 730 )
	i( 3 730 327 329 )
	i( 3 329 727 727 )
	i( 3 727 675 699 )
	i( 3 374 327 328 )
	i( 3 329 597 730 )
	i( 3 732 731 733 )
	i( 3 733 742 742 )
	i( 3 593 715 592 )
	i( 3 697 376 391 )
	i( 3 392 390 677 )
	i( 3 677 722 722 )
	i( 3 722 677 721 )
	i( 3 390 718 391 )
	i( 3 716 697 712 )
	i( 3 715 714 743 )
	i( 3 743 599 599 )
	i( 3 759 758 824 )
	i( 3 826 789 787 )
	i( 3 788 786 806 )
	i( 2 805 843 )
	g( "plant" )
	mt( "material/leafpaloagua" )
	ni( 1116 5 )
	i( 3 111 112 113 )
	i( 3 113 370 370 )
	i( 3 113 369 111 )
	i( 3 369 624 369 )
	i( 3 110 108 109 )
	i( 3 109 623 623 )
	i( 3 623 108 371 )
	i( 3 369 371 370 )
	i( 3 95 94 581 )
	i( 3 100 581 103 )
	i( 3 107 103 312 )
	i( 3 312 623 623 )
	i( 3 623 371 97 )
	i( 3 95 96 95 )
	i( 3 580 581 582 )
	i( 3 581 583 107 )
	i( 3 106 107 105 )
	i( 3 105 107 107 )
	i( 3 105 312 622 )
	i( 3 312 871 314 )
	i( 3 313 312 681 )
	i( 3 103 104 103 )
	i( 3 102 102 871 )
	i( 3 871 872 313 )
	i( 3 873 313 694 )
	i( 3 681 680 104 )
	i( 3 104 680 680 )
	i( 3 873 694 694 )
	i( 3 102 102 102 )
	i( 3 103 101 100 )
	i( 3 99 100 98 )
	i( 3 94 93 94 )
	i( 3 92 370 621 )
	i( 3 370 113 113 )
	i( 3 86 86 86 )
	i( 3 87 88 88 )
	i( 3 90 90 90 )
	i( 3 91 89 363 )
	i( 3 620 363 88 )
	i( 3 363 86 365 )
	i( 3 619 365 69 )
	i( 3 67 68 75 )
	i( 3 75 616 616 )
	i( 3 616 91 364 )
	i( 3 363 364 365 )
	i( 3 364 67 67 )
	i( 3 616 616 616 )
	i( 3 64 364 66 )
	i( 3 67 73 75 )
	i( 3 73 74 73 )
	i( 3 81 79 80 )
	i( 3 79 85 85 )
	i( 3 66 66 66 )
	i( 3 72 73 78 )
	i( 3 79 83 83 )
	i( 3 79 79 79 )
	i( 3 85 83 84 )
	i( 3 83 874 311 )
	i( 3 310 83 618 )
	i( 3 78 82 78 )
	i( 3 77 77 874 )
	i( 3 874 875 310 )
	i( 3 876 310 693 )
	i( 3 618 617 82 )
	i( 3 82 617 617 )
	i( 3 876 693 693 )
	i( 3 77 77 77 )
	i( 3 78 76 72 )
	i( 3 71 72 70 )
	i( 3 66 65 64 )
	i( 3 64 61 61 )
	i( 3 62 63 63 )
	i( 3 61 61 615 )
	i( 3 63 357 610 )
	i( 3 358 38 40 )
	i( 3 39 40 44 )
	i( 3 46 45 45 )
	i( 3 357 357 358 )
	i( 3 359 40 40 )
	i( 3 40 40 41 )
	i( 3 359 43 359 )
	i( 3 614 357 58 )
	i( 3 615 58 60 )
	i( 3 59 59 43 )
	i( 3 43 43 42 )
	i( 3 41 49 47 )
	i( 3 48 47 51 )
	i( 3 613 612 57 )
	i( 3 57 705 705 )
	i( 3 705 704 56 )
	i( 3 55 57 611 )
	i( 3 613 52 47 )
	i( 3 46 47 40 )
	i( 3 41 41 704 )
	i( 3 704 704 361 )
	i( 3 55 611 611 )
	i( 3 45 45 46 )
	i( 3 50 52 53 )
	i( 3 52 54 611 )
	i( 3 362 361 360 )
	i( 3 704 705 705 )
	i( 3 360 360 706 )
	i( 3 705 705 628 )
	i( 3 628 628 870 )
	i( 3 670 670 868 )
	i( 3 868 869 315 )
	i( 3 870 315 670 )
	i( 3 629 628 130 )
	i( 3 130 627 627 )
	i( 3 627 133 131 )
	i( 3 132 131 868 )
	i( 3 316 315 131 )
	i( 3 629 128 130 )
	i( 3 128 129 129 )
	i( 3 625 625 625 )
	i( 3 134 353 351 )
	i( 3 353 352 353 )
	i( 3 116 117 116 )
	i( 3 123 122 627 )
	i( 3 128 131 131 )
	i( 3 625 625 625 )
	i( 3 353 119 117 )
	i( 3 118 117 125 )
	i( 3 123 124 123 )
	i( 3 127 627 626 )
	i( 3 627 133 133 )
	i( 3 684 684 684 )
	i( 3 864 671 671 )
	i( 3 862 862 863 )
	i( 3 320 864 320 )
	i( 3 671 672 684 )
	i( 3 230 230 585 )
	i( 3 585 229 233 )
	i( 3 319 231 319 )
	i( 3 651 319 862 )
	i( 3 321 320 319 )
	i( 3 672 229 229 )
	i( 3 223 223 221 )
	i( 3 222 221 584 )
	i( 3 585 586 585 )
	i( 3 587 233 232 )
	i( 3 231 231 229 )
	i( 3 229 229 226 )
	i( 3 585 220 221 )
	i( 3 333 334 236 )
	i( 3 334 685 334 )
	i( 3 650 334 223 )
	i( 3 221 221 672 )
	i( 3 672 229 230 )
	i( 3 229 228 229 )
	i( 3 227 226 225 )
	i( 3 226 224 220 )
	i( 3 219 220 218 )
	i( 3 333 333 218 )
	i( 3 218 333 654 )
	i( 3 333 652 236 )
	i( 3 653 236 237 )
	i( 3 236 235 236 )
	i( 3 234 685 686 )
	i( 3 686 687 687 )
	i( 3 687 861 696 )
	i( 3 696 859 859 )
	i( 3 860 323 861 )
	i( 3 323 696 688 )
	i( 3 687 250 250 )
	i( 3 589 589 589 )
	i( 3 591 253 252 )
	i( 3 253 251 322 )
	i( 3 689 322 859 )
	i( 3 324 323 322 )
	i( 3 688 688 340 )
	i( 3 340 340 339 )
	i( 3 241 240 589 )
	i( 3 246 589 249 )
	i( 3 253 322 322 )
	i( 3 322 322 322 )
	i( 3 688 249 250 )
	i( 3 249 248 249 )
	i( 3 247 246 245 )
	i( 3 246 244 240 )
	i( 3 239 240 238 )
	i( 3 238 240 240 )
	i( 3 238 339 657 )
	i( 3 339 259 338 )
	i( 3 257 338 656 )
	i( 3 338 256 254 )
	i( 3 255 255 257 )
	i( 3 257 257 258 )
	i( 3 259 259 339 )
	i( 3 339 338 340 )
	i( 3 254 340 655 )
	i( 3 340 243 241 )
	i( 3 242 241 588 )
	i( 3 589 590 589 )
	i( 3 591 591 344 )
	i( 3 344 343 345 )
	i( 3 707 345 708 )
	i( 3 709 709 708 )
	i( 3 708 158 707 )
	i( 3 157 343 634 )
	i( 3 344 634 156 )
	i( 3 154 155 154 )
	i( 3 152 148 148 )
	i( 3 634 634 635 )
	i( 3 154 149 148 )
	i( 3 149 142 143 )
	i( 3 341 342 342 )
	i( 3 341 341 342 )
	i( 3 163 342 160 )
	i( 3 342 633 342 )
	i( 3 145 143 144 )
	i( 3 143 151 149 )
	i( 3 150 149 153 )
	i( 3 153 165 165 )
	i( 3 165 163 164 )
	i( 3 163 162 160 )
	i( 3 161 161 683 )
	i( 3 683 683 636 )
	i( 3 165 165 152 )
	i( 3 152 152 148 )
	i( 3 147 148 146 )
	i( 3 142 141 142 )
	i( 3 140 341 632 )
	i( 3 341 636 163 )
	i( 3 165 165 690 )
	i( 3 690 690 858 )
	i( 3 673 673 856 )
	i( 3 856 857 325 )
	i( 3 858 325 673 )
	i( 3 674 690 276 )
	i( 3 276 661 661 )
	i( 3 661 279 277 )
	i( 3 278 277 856 )
	i( 3 326 325 277 )
	i( 3 674 274 276 )
	i( 3 274 275 275 )
	i( 3 659 659 659 )
	i( 3 280 337 335 )
	i( 3 337 336 337 )
	i( 3 262 263 262 )
	i( 3 269 268 661 )
	i( 3 274 277 277 )
	i( 3 659 659 659 )
	i( 3 337 265 263 )
	i( 3 264 263 271 )
	i( 3 269 270 269 )
	i( 3 273 661 660 )
	i( 3 661 279 279 )
	i( 3 350 350 350 )
	i( 3 711 710 710 )
	i( 3 301 301 300 )
	i( 3 302 667 349 )
	i( 3 348 350 703 )
	i( 3 710 703 304 )
	i( 3 303 305 305 )
	i( 3 703 703 703 )
	i( 3 348 303 667 )
	i( 3 667 303 303 )
	i( 3 303 305 667 )
	i( 3 666 300 295 )
	i( 3 294 295 288 )
	i( 3 289 346 347 )
	i( 3 308 691 306 )
	i( 3 692 692 306 )
	i( 3 306 307 308 )
	i( 3 309 309 346 )
	i( 3 346 308 669 )
	i( 3 309 668 668 )
	i( 3 669 669 346 )
	i( 3 663 346 286 )
	i( 3 288 287 288 )
	i( 3 292 294 293 )
	i( 3 294 298 300 )
	i( 3 301 301 330 )
	i( 3 330 702 701 )
	i( 3 701 180 180 )
	i( 3 180 182 641 )
	i( 3 332 331 330 )
	i( 3 700 701 700 )
	i( 3 184 183 185 )
	i( 3 641 641 700 )
	i( 3 700 331 183 )
	i( 3 641 641 185 )
	i( 3 185 641 640 )
	i( 3 180 175 174 )
	i( 3 175 168 169 )
	i( 3 356 171 356 )
	i( 3 638 354 354 )
	i( 3 171 171 170 )
	i( 3 169 177 175 )
	i( 3 176 175 179 )
	i( 3 640 639 185 )
	i( 3 185 168 168 )
	i( 3 356 355 354 )
	i( 3 637 354 191 )
	i( 3 642 191 189 )
	i( 3 190 190 638 )
	i( 3 638 354 186 )
	i( 3 642 186 188 )
	i( 3 187 187 637 )
	i( 3 637 637 355 )
	i( 3 166 168 167 )
	i( 3 168 172 174 )
	i( 3 173 174 178 )
	i( 3 180 181 180 )
	i( 3 182 182 283 )
	i( 3 283 284 285 )
	i( 3 285 336 336 )
	i( 3 285 335 283 )
	i( 3 335 662 335 )
	i( 3 282 280 281 )
	i( 3 281 275 275 )
	i( 3 275 274 272 )
	i( 3 268 267 268 )
	i( 3 266 262 261 )
	i( 3 262 260 336 )
	i( 3 658 336 285 )
	i( 3 285 137 137 )
	i( 3 137 138 139 )
	i( 3 139 352 352 )
	i( 3 139 351 137 )
	i( 3 351 630 351 )
	i( 3 136 134 135 )
	i( 3 135 129 129 )
	i( 3 129 128 126 )
	i( 3 122 121 122 )
	i( 3 120 116 115 )
	i( 3 116 114 352 )
	i( 3 631 352 139 )
	i( 3 139 195 195 )
	i( 3 195 194 201 )
	i( 3 200 647 206 )
	i( 3 209 645 645 )
	i( 3 644 644 645 )
	i( 3 208 206 207 )
	i( 3 206 204 200 )
	i( 3 199 200 198 )
	i( 3 194 193 194 )
	i( 3 192 192 194 )
	i( 3 194 192 367 )
	i( 3 643 367 217 )
	i( 3 366 649 366 )
	i( 3 214 212 213 )
	i( 3 213 216 216 )
	i( 3 215 217 649 )
	i( 3 649 195 195 )
	i( 3 195 368 194 )
	i( 3 368 367 368 )
	i( 3 366 368 212 )
	i( 3 368 648 368 )
	i( 3 197 195 196 )
	i( 3 195 203 201 )
	i( 3 201 203 203 )
	i( 3 201 202 201 )
	i( 3 205 647 646 )
	i( 3 647 211 209 )
	i( 3 210 865 865 )
	i( 3 644 644 644 )
	i( 3 695 867 317 )
	i( 3 866 317 865 )
	i( 3 318 209 317 )
	i( 3 645 695 645 )
	i( 3 644 644 149 )
	i( 3 149 153 635 )
	i( 3 682 635 159 )
	i( 3 634 159 157 )
	i( 3 158 158 691 )
	i( 3 691 664 347 )
	i( 3 291 289 290 )
	i( 3 289 297 295 )
	i( 3 296 295 299 )
	i( 3 666 665 305 )
	g( "earth" )
	mt( "material/tierra_macet" )
	ni( 83 5 )
	i( 3 575 573 600 )
	i( 3 600 572 572 )
	i( 3 572 598 573 )
	i( 3 877 600 878 )
	i( 3 601 601 879 )
	i( 3 879 879 878 )
	i( 3 396 877 27 )
	i( 3 30 28 28 )
	i( 3 397 397 397 )
	i( 3 396 27 27 )
	i( 3 31 31 31 )
	i( 3 30 604 877 )
	i( 3 577 606 579 )
	i( 3 579 576 576 )
	i( 3 576 604 577 )
	i( 3 577 393 393 )
	i( 3 393 606 394 )
	i( 3 877 881 608 )
	i( 3 678 678 880 )
	i( 3 880 880 394 )
	i( 3 881 881 32 )
	i( 3 32 32 608 )
	i( 3 33 877 877 )
	i( 3 568 568 568 )
	i( 3 598 570 877 )
	i( 3 36 33 35 )
	i( 3 35 570 570 )
	i( 2 571 36 )
	g( "logo" )
	mt( "material/oflogo" )
	ni( 384 4 )
	i( 3 0 1 2 )
	i( 3 3 4 5 )
	i( 3 6 7 8 )
	i( 3 9 8 10 )
	i( 3 11 12 13 )
	i( 3 14 15 16 )
	i( 3 17 18 19 )
	i( 3 20 21 22 )
	i( 3 23 24 25 )
	i( 3 377 22 378 )
	i( 3 379 17 380 )
	i( 3 381 382 383 )
	i( 3 384 385 386 )
	i( 3 387 388 389 )
	i( 3 399 24 21 )
	i( 3 15 399 18 )
	i( 3 400 15 401 )
	i( 3 8 400 12 )
	i( 3 402 6 403 )
	i( 3 404 4 1 )
	i( 3 24 404 405 )
	i( 3 388 404 406 )
	i( 3 382 407 400 )
	i( 3 6 408 409 )
	i( 3 402 410 411 )
	i( 3 412 413 414 )
	i( 3 415 416 417 )
	i( 3 418 419 420 )
	i( 3 421 422 423 )
	i( 3 424 425 426 )
	i( 3 427 428 429 )
	i( 3 430 431 432 )
	i( 3 433 434 435 )
	i( 3 436 437 438 )
	i( 3 439 440 441 )
	i( 3 436 438 442 )
	i( 3 443 444 445 )
	i( 3 446 447 448 )
	i( 3 449 450 451 )
	i( 3 452 453 454 )
	i( 3 455 456 457 )
	i( 3 433 458 434 )
	i( 3 459 460 461 )
	i( 3 462 463 464 )
	i( 3 465 466 467 )
	i( 3 468 469 470 )
	i( 3 471 472 473 )
	i( 3 474 475 476 )
	i( 3 477 478 479 )
	i( 3 480 481 482 )
	i( 3 483 484 485 )
	i( 3 486 487 488 )
	i( 3 489 490 491 )
	i( 3 492 493 494 )
	i( 3 495 496 497 )
	i( 3 498 499 500 )
	i( 3 501 502 503 )
	i( 3 504 505 506 )
	i( 3 507 508 509 )
	i( 3 510 511 512 )
	i( 3 454 453 513 )
	i( 3 443 514 444 )
	i( 3 515 516 517 )
	i( 3 518 519 520 )
	i( 3 521 522 523 )
	i( 3 524 525 526 )
	i( 3 527 528 529 )
	i( 3 530 531 532 )
	i( 3 533 478 477 )
	i( 3 484 534 485 )
	i( 3 535 486 488 )
	i( 3 425 536 426 )
	i( 3 422 421 537 )
	i( 3 419 418 538 )
	i( 3 492 539 493 )
	i( 3 415 417 540 )
	i( 3 499 498 541 )
	i( 3 542 489 491 )
	i( 3 543 544 545 )
	i( 3 546 547 548 )
	i( 3 549 550 551 )
	i( 3 552 553 554 )
	i( 3 555 440 439 )
	i( 3 556 557 558 )
	i( 3 404 385 406 )
	i( 3 385 559 406 )
	i( 3 400 407 560 )
	i( 3 407 561 560 )
	i( 3 405 562 24 )
	i( 3 562 25 24 )
	i( 3 404 1 385 )
	i( 3 1 0 385 )
	i( 3 1 4 2 )
	i( 3 4 3 2 )
	i( 3 4 402 5 )
	i( 3 402 411 5 )
	i( 3 402 403 410 )
	i( 3 403 563 410 )
	i( 3 6 409 403 )
	i( 3 409 563 403 )
	i( 3 8 9 6 )
	i( 3 9 408 6 )
	i( 3 12 11 8 )
	i( 3 11 10 8 )
	i( 3 400 560 12 )
	i( 3 560 13 12 )
	i( 3 401 15 564 )
	i( 3 15 14 564 )
	i( 3 15 18 16 )
	i( 3 18 17 16 )
	i( 3 18 399 19 )
	i( 3 399 565 19 )
	i( 3 21 20 399 )
	i( 3 20 565 399 )
	i( 3 24 23 21 )
	i( 3 23 22 21 )
	i( 3 24 399 7 )
	i( 3 399 15 7 )
	i( 3 400 401 382 )
	i( 3 401 564 382 )
	i( 3 15 400 7 )
	i( 3 400 8 7 )
	i( 3 4 7 402 )
	i( 3 7 6 402 )
	i( 3 4 404 7 )
	i( 3 404 24 7 )
	i( 3 404 388 405 )
	i( 3 388 562 405 )
}
