object( "object/outsideDome" )
{
	l( 5.959 1.875 2.05 )
	ra( 5.871 )
	di( 2 3.804 4 )
	vb( 3904 1464 0 2928 0 )
	v( -0.764 -3.804 0 )
	v( 0.103 -2.894 -1.789 )
	v( -2 -3.403 -2.103 )
	v( 0.103 2.894 1.789 )
	v( -2 3.403 2.103 )
	v( -0.764 3.804 0 )
	v( 2 0 0 )
	v( 1.236 2.351 0 )
	v( 1.403 1.106 -1.789 )
	v( -2 -2.103 3.403 )
	v( 0 -2.753 2.103 )
	v( -2 -3.578 1.789 )
	v( -2 0 4 )
	v( -2 3.403 2.103 )
	v( -0.764 1.701 3.403 )
	v( -2 3.578 -1.789 )
	v( -0.764 3.804 0 )
	v( -2 3.403 2.103 )
	v( -2 0 -4 )
	v( -2 -3.403 -2.103 )
	v( -0.764 -1.701 -3.403 )
	v( -2 -3.578 1.789 )
	v( -0.764 -3.804 0 )
	v( -2 -3.403 -2.103 )
	v( 0 -2.753 2.103 )
	v( -2 -2.103 3.403 )
	v( 0 -0.65 3.403 )
	v( -2 -2.103 3.403 )
	v( -2 0 4 )
	v( 0 -0.65 3.403 )
	v( 1.236 1.051 2.103 )
	v( 0 -0.65 3.403 )
	v( -0.764 1.701 3.403 )
	v( 0 -0.65 3.403 )
	v( -2 0 4 )
	v( -0.764 1.701 3.403 )
	v( 1.236 -2.351 0 )
	v( -0.764 -3.804 0 )
	v( 0 -2.753 2.103 )
	v( -0.764 -3.804 0 )
	v( -2 -3.578 1.789 )
	v( 0 -2.753 2.103 )
	v( 1.236 2.351 0 )
	v( 2 0 0 )
	v( 1.236 1.051 2.103 )
	v( 2 0 0 )
	v( 1.403 -1.106 1.789 )
	v( 1.236 1.051 2.103 )
	v( 1.236 -2.351 0 )
	v( 2 0 0 )
	v( 1.236 -1.051 -2.103 )
	v( 2 0 0 )
	v( 1.403 1.106 -1.789 )
	v( 1.236 -1.051 -2.103 )
	v( 1.236 2.351 0 )
	v( -0.764 3.804 0 )
	v( 0 2.753 -2.103 )
	v( -0.764 3.804 0 )
	v( -2 3.578 -1.789 )
	v( 0 2.753 -2.103 )
	v( -2 0 -4 )
	v( -0.764 -1.701 -3.403 )
	v( 0 0.65 -3.403 )
	v( -0.764 -1.701 -3.403 )
	v( 1.236 -1.051 -2.103 )
	v( 0 0.65 -3.403 )
	v( -2 0 -4 )
	v( 0 0.65 -3.403 )
	v( -2 2.103 -3.403 )
	v( 0 0.65 -3.403 )
	v( 0 1.701 -2.753 )
	v( -2 2.103 -3.403 )
	v( -2 3.578 -1.789 )
	v( -2 2.103 -3.403 )
	v( 0 2.753 -2.103 )
	v( 0 2.753 -2.103 )
	v( 1.236 1.051 2.103 )
	v( 1.403 -1.106 1.789 )
	v( 0 -0.65 3.403 )
	v( 1.403 -1.106 1.789 )
	v( 0 -2.753 2.103 )
	v( 0 -0.65 3.403 )
	v( -2 3.403 2.103 )
	v( 0.103 2.894 1.789 )
	v( -0.764 1.701 3.403 )
	v( 0.103 2.894 1.789 )
	v( 1.236 1.051 2.103 )
	v( -0.764 1.701 3.403 )
	v( 2 0 0 )
	v( 1.236 -2.351 0 )
	v( 1.403 -1.106 1.789 )
	v( 1.236 -2.351 0 )
	v( 0 -2.753 2.103 )
	v( 1.403 -1.106 1.789 )
	v( 1.236 -1.051 -2.103 )
	v( 0.103 -2.894 -1.789 )
	v( 1.236 -2.351 0 )
	v( 0.103 -2.894 -1.789 )
	v( -0.764 -3.804 0 )
	v( 1.236 -2.351 0 )
	v( -0.764 3.804 0 )
	v( 1.236 2.351 0 )
	v( 0.103 2.894 1.789 )
	v( 1.236 2.351 0 )
	v( 1.236 1.051 2.103 )
	v( 0.103 2.894 1.789 )
	v( 1.236 2.351 0 )
	v( 0 2.753 -2.103 )
	v( 1.403 1.106 -1.789 )
	v( 0 2.753 -2.103 )
	v( 0 1.701 -2.753 )
	v( 1.403 1.106 -1.789 )
	v( 1.236 -1.051 -2.103 )
	v( 1.403 1.106 -1.789 )
	v( 0 0.65 -3.403 )
	v( 0 0.65 -3.403 )
	v( -2 -3.403 -2.103 )
	v( 0.103 -2.894 -1.789 )
	v( -0.764 -1.701 -3.403 )
	v( 0.103 -2.894 -1.789 )
	v( 1.236 -1.051 -2.103 )
	v( -0.764 -1.701 -3.403 )
	n( -0.268 0.905 0.33 )
	n( -0.268 0.905 0.33 )
	n( -0.268 0.905 0.33 )
	n( -0.268 -0.905 -0.33 )
	n( -0.268 -0.905 -0.33 )
	n( -0.268 -0.905 -0.33 )
	n( -0.944 -0.307 0.126 )
	n( -0.944 -0.307 0.126 )
	n( -0.944 -0.307 0.126 )
	n( -0.195 0.724 -0.662 )
	n( -0.195 0.724 -0.662 )
	n( -0.195 0.724 -0.662 )
	n( 0.241 -0.473 -0.848 )
	n( 0.241 -0.473 -0.848 )
	n( 0.241 -0.473 -0.848 )
	n( 0.241 -0.97 -0.044 )
	n( 0.241 -0.97 -0.044 )
	n( 0.241 -0.97 -0.044 )
	n( 0.241 0.473 0.848 )
	n( 0.241 0.473 0.848 )
	n( 0.241 0.473 0.848 )
	n( 0.241 0.97 0.044 )
	n( 0.241 0.97 0.044 )
	n( 0.241 0.97 0.044 )
	n( -0.357 0.491 -0.795 )
	n( -0.357 0.491 -0.795 )
	n( -0.357 0.491 -0.795 )
	n( -0.195 0.268 -0.944 )
	n( -0.195 0.268 -0.944 )
	n( -0.195 0.268 -0.944 )
	n( -0.577 -0.188 -0.795 )
	n( -0.577 -0.188 -0.795 )
	n( -0.577 -0.188 -0.795 )
	n( -0.315 -0.102 -0.944 )
	n( -0.315 -0.102 -0.944 )
	n( -0.315 -0.102 -0.944 )
	n( -0.577 0.795 -0.188 )
	n( -0.577 0.795 -0.188 )
	n( -0.577 0.795 -0.188 )
	n( -0.315 0.89 -0.33 )
	n( -0.315 0.89 -0.33 )
	n( -0.315 0.89 -0.33 )
	n( -0.934 -0.304 -0.188 )
	n( -0.934 -0.304 -0.188 )
	n( -0.934 -0.304 -0.188 )
	n( -0.944 -0.025 -0.33 )
	n( -0.944 -0.025 -0.33 )
	n( -0.944 -0.025 -0.33 )
	n( -0.934 0.304 0.188 )
	n( -0.934 0.304 0.188 )
	n( -0.934 0.304 0.188 )
	n( -0.944 0.025 0.33 )
	n( -0.944 0.025 0.33 )
	n( -0.944 0.025 0.33 )
	n( -0.577 -0.795 0.188 )
	n( -0.577 -0.795 0.188 )
	n( -0.577 -0.795 0.188 )
	n( -0.315 -0.89 0.33 )
	n( -0.315 -0.89 0.33 )
	n( -0.315 -0.89 0.33 )
	n( -0.315 0.102 0.944 )
	n( -0.315 0.102 0.944 )
	n( -0.315 0.102 0.944 )
	n( -0.577 0.188 0.795 )
	n( -0.577 0.188 0.795 )
	n( -0.577 0.188 0.795 )
	n( -0.195 -0.268 0.944 )
	n( -0.195 -0.268 0.944 )
	n( -0.195 -0.268 0.944 )
	n( -0.357 -0.491 0.795 )
	n( -0.357 -0.491 0.795 )
	n( -0.357 -0.491 0.795 )
	n( -0.195 -0.724 0.662 )
	n( -0.195 -0.724 0.662 )
	n( -0.195 -0.724 0.662 )
	n( -0.357 -0.491 0.795 )
	n( -0.749 0.039 -0.662 )
	n( -0.749 0.039 -0.662 )
	n( -0.749 0.039 -0.662 )
	n( -0.628 0.409 -0.662 )
	n( -0.628 0.409 -0.662 )
	n( -0.628 0.409 -0.662 )
	n( -0.268 -0.7 -0.662 )
	n( -0.268 -0.7 -0.662 )
	n( -0.268 -0.7 -0.662 )
	n( -0.583 -0.471 -0.662 )
	n( -0.583 -0.471 -0.662 )
	n( -0.583 -0.471 -0.662 )
	n( -0.944 0.307 -0.126 )
	n( -0.944 0.307 -0.126 )
	n( -0.944 0.307 -0.126 )
	n( -0.749 0.575 -0.33 )
	n( -0.749 0.575 -0.33 )
	n( -0.749 0.575 -0.33 )
	n( -0.778 0.535 0.33 )
	n( -0.778 0.535 0.33 )
	n( -0.778 0.535 0.33 )
	n( -0.583 0.803 0.126 )
	n( -0.583 0.803 0.126 )
	n( -0.583 0.803 0.126 )
	n( -0.583 -0.803 -0.126 )
	n( -0.583 -0.803 -0.126 )
	n( -0.583 -0.803 -0.126 )
	n( -0.778 -0.535 -0.33 )
	n( -0.778 -0.535 -0.33 )
	n( -0.778 -0.535 -0.33 )
	n( -0.749 -0.575 0.33 )
	n( -0.749 -0.575 0.33 )
	n( -0.749 -0.575 0.33 )
	n( -0.628 -0.409 0.662 )
	n( -0.628 -0.409 0.662 )
	n( -0.628 -0.409 0.662 )
	n( -0.749 -0.039 0.662 )
	n( -0.749 -0.039 0.662 )
	n( -0.749 -0.039 0.662 )
	n( -0.628 -0.409 0.662 )
	n( -0.268 0.7 0.662 )
	n( -0.268 0.7 0.662 )
	n( -0.268 0.7 0.662 )
	n( -0.583 0.471 0.662 )
	n( -0.583 0.471 0.662 )
	n( -0.583 0.471 0.662 )
	u0( 1 0.5 )
	u0( 0.88 0.724 )
	u0( 0.947 0.763 )
	u0( 0.12 0.276 )
	u0( 0.053 0.237 )
	u0( 0 0.5 )
	u0( 0.5 0.5 )
	u0( 0.191 0.5 )
	u0( 0.355 0.724 )
	u0( 0.776 0.075 )
	u0( 0.862 0.237 )
	u0( 0.97 0.276 )
	u0( 0.5 0 )
	u0( 0.053 0.237 )
	u0( 0.276 0.075 )
	u0( 0.03 0.724 )
	u0( 0 0.5 )
	u0( 0.053 0.237 )
	u0( 0.5 1 )
	u0( 0.947 0.763 )
	u0( 0.724 0.925 )
	u0( 0.97 0.276 )
	u0( 1 0.5 )
	u0( 0.947 0.763 )
	u0( 0.862 0.237 )
	u0( 0.776 0.075 )
	u0( 0.585 0.075 )
	u0( 0.776 0.075 )
	u0( 0.5 0 )
	u0( 0.585 0.075 )
	u0( 0.362 0.237 )
	u0( 0.585 0.075 )
	u0( 0.276 0.075 )
	u0( 0.585 0.075 )
	u0( 0.5 0 )
	u0( 0.276 0.075 )
	u0( 0.809 0.5 )
	u0( 1 0.5 )
	u0( 0.862 0.237 )
	u0( 1 0.5 )
	u0( 0.97 0.276 )
	u0( 0.862 0.237 )
	u0( 0.191 0.5 )
	u0( 0.5 0.5 )
	u0( 0.362 0.237 )
	u0( 0.5 0.5 )
	u0( 0.645 0.276 )
	u0( 0.362 0.237 )
	u0( 0.809 0.5 )
	u0( 0.5 0.5 )
	u0( 0.638 0.763 )
	u0( 0.5 0.5 )
	u0( 0.355 0.724 )
	u0( 0.638 0.763 )
	u0( 0.191 0.5 )
	u0( 0 0.5 )
	u0( 0.138 0.763 )
	u0( 0 0.5 )
	u0( 0.03 0.724 )
	u0( 0.138 0.763 )
	u0( 0.5 1 )
	u0( 0.724 0.925 )
	u0( 0.415 0.925 )
	u0( 0.724 0.925 )
	u0( 0.638 0.763 )
	u0( 0.415 0.925 )
	u0( 0.5 1 )
	u0( 0.415 0.925 )
	u0( 0.224 0.925 )
	u0( 0.415 0.925 )
	u0( 0.276 0.844 )
	u0( 0.224 0.925 )
	u0( 0.03 0.724 )
	u0( 0.224 0.925 )
	u0( 0.138 0.763 )
	u0( 0.138 0.763 )
	u0( 0.362 0.237 )
	u0( 0.645 0.276 )
	u0( 0.585 0.075 )
	u0( 0.645 0.276 )
	u0( 0.862 0.237 )
	u0( 0.585 0.075 )
	u0( 0.053 0.237 )
	u0( 0.12 0.276 )
	u0( 0.276 0.075 )
	u0( 0.12 0.276 )
	u0( 0.362 0.237 )
	u0( 0.276 0.075 )
	u0( 0.5 0.5 )
	u0( 0.809 0.5 )
	u0( 0.645 0.276 )
	u0( 0.809 0.5 )
	u0( 0.862 0.237 )
	u0( 0.645 0.276 )
	u0( 0.638 0.763 )
	u0( 0.88 0.724 )
	u0( 0.809 0.5 )
	u0( 0.88 0.724 )
	u0( 1 0.5 )
	u0( 0.809 0.5 )
	u0( 0 0.5 )
	u0( 0.191 0.5 )
	u0( 0.12 0.276 )
	u0( 0.191 0.5 )
	u0( 0.362 0.237 )
	u0( 0.12 0.276 )
	u0( 0.191 0.5 )
	u0( 0.138 0.763 )
	u0( 0.355 0.724 )
	u0( 0.138 0.763 )
	u0( 0.276 0.844 )
	u0( 0.355 0.724 )
	u0( 0.638 0.763 )
	u0( 0.355 0.724 )
	u0( 0.415 0.925 )
	u0( 0.415 0.925 )
	u0( 0.947 0.763 )
	u0( 0.88 0.724 )
	u0( 0.724 0.925 )
	u0( 0.88 0.724 )
	u0( 0.638 0.763 )
	u0( 0.724 0.925 )
	ng( 1 )
	g( "null" )
	mt( "material/outside" )
	ni( 126 4 )
	i( 3 0 1 2 )
	i( 3 3 4 5 )
	i( 3 6 7 8 )
	i( 3 9 10 11 )
	i( 3 12 13 14 )
	i( 3 15 16 17 )
	i( 3 18 19 20 )
	i( 3 21 22 23 )
	i( 3 24 25 26 )
	i( 3 27 28 29 )
	i( 3 30 31 32 )
	i( 3 33 34 35 )
	i( 3 36 37 38 )
	i( 3 39 40 41 )
	i( 3 42 43 44 )
	i( 3 45 46 47 )
	i( 3 48 49 50 )
	i( 3 51 52 53 )
	i( 3 54 55 56 )
	i( 3 57 58 59 )
	i( 3 60 61 62 )
	i( 3 63 64 65 )
	i( 3 66 67 68 )
	i( 3 69 70 71 )
	i( 3 72 73 74 )
	i( 3 71 70 75 )
	i( 3 76 77 78 )
	i( 3 79 80 81 )
	i( 3 82 83 84 )
	i( 3 85 86 87 )
	i( 3 88 89 90 )
	i( 3 91 92 93 )
	i( 3 94 95 96 )
	i( 3 97 98 99 )
	i( 3 100 101 102 )
	i( 3 103 104 105 )
	i( 3 106 107 108 )
	i( 3 109 110 111 )
	i( 3 112 113 114 )
	i( 3 111 110 115 )
	i( 3 116 117 118 )
	i( 3 119 120 121 )
}
