object( "object/rack3" )
{
	l( 0.906 5.262 1.47 )
	s( 0.1 0.1 0.1 )
	ra( 0.786 )
	di( 7.5 2.05 1.145 )
	vb( 11424 5712 0 0 0 )
	v( 6.818 1 -1 )
	v( 7.5 1 -1 )
	v( 6.818 0.5 -1 )
	v( -7.5 1 -1 )
	v( -6.818 1 -1 )
	v( -6.818 0.5 -1 )
	v( 6.818 1 1 )
	v( 6.818 0.5 1 )
	v( 7.5 1 1 )
	v( -7.5 1 1 )
	v( -6.818 0.5 1 )
	v( -6.818 1 1 )
	v( 6.818 -2.1 -0.9 )
	v( 6.818 -2.724 -1.175 )
	v( 6.818 -2.701 -0.877 )
	v( -6.818 -2.724 -1.175 )
	v( -6.818 -2.1 -0.9 )
	v( -6.818 -2.701 -0.877 )
	v( -7.2 -2.1 -0.9 )
	v( -7.2 -2.724 -1.175 )
	v( -7.2 -2.701 -0.877 )
	v( 7.2 -2.724 -1.175 )
	v( 7.2 -2.1 -0.9 )
	v( 7.2 -2.701 -0.877 )
	v( -6.818 0.5 -1.29 )
	v( -6.818 -2.724 -1.175 )
	v( 6.818 -2.724 -1.175 )
	v( 6.818 0.5 -1.29 )
	v( -6.818 -2.724 -1.175 )
	v( -6.818 -2.701 -0.877 )
	v( 6.818 -2.701 -0.877 )
	v( 6.818 -2.724 -1.175 )
	v( -6.818 -2.701 -0.877 )
	v( -6.818 -3.101 -0.846 )
	v( 6.818 -3.101 -0.846 )
	v( 6.818 -2.701 -0.877 )
	v( -6.818 -3.101 -0.846 )
	v( -6.818 -3.101 -1.136 )
	v( 6.818 -3.101 -1.136 )
	v( 6.818 -3.101 -0.846 )
	v( -6.818 -3.101 -1.136 )
	v( -6.818 -2.724 -1.175 )
	v( 6.818 -2.724 -1.175 )
	v( 6.818 -3.101 -1.136 )
	v( 7.2 -3.101 -0.846 )
	v( 7.2 -3.101 -1.136 )
	v( -7.2 -3.101 -0.846 )
	v( -7.2 -3.101 -1.136 )
	v( 7.2 -2.724 -1.175 )
	v( 7.2 -3.101 -1.136 )
	v( -7.2 -2.724 -1.175 )
	v( -7.2 -3.101 -1.136 )
	v( 6.818 -3.101 -1.136 )
	v( 6.818 -3.101 -0.846 )
	v( -7.2 -3.101 -1.136 )
	v( -7.2 -3.101 -0.846 )
	v( 7.2 -3.101 -1.136 )
	v( 7.2 -3.101 -0.846 )
	v( -7.2 -2.701 -0.877 )
	v( -7.2 -3.101 -0.846 )
	v( 7.2 -2.701 -0.877 )
	v( 7.2 -3.101 -0.846 )
	v( 7.2 -2.1 -0.9 )
	v( 6.818 -2.1 -0.9 )
	v( 6.818 -2.701 -0.877 )
	v( 7.2 -2.701 -0.877 )
	v( -6.818 -2.1 -0.9 )
	v( -7.2 -2.1 -0.9 )
	v( -7.2 -2.701 -0.877 )
	v( -6.818 -2.701 -0.877 )
	v( -7.2 -2.724 -1.175 )
	v( -7.5 1 -1.29 )
	v( -6.818 0.5 -1.29 )
	v( -7.2 -2.724 -1.175 )
	v( -6.818 0.5 -1.29 )
	v( -6.818 -2.724 -1.175 )
	v( 5.535 -1 -0.9 )
	v( 5.053 -1 -0.9 )
	v( 5.053 -1 -1.19 )
	v( 5.535 -1 -1.19 )
	v( 3.771 -1 -0.9 )
	v( 3.288 -1 -0.9 )
	v( 3.288 -1 -1.19 )
	v( 3.771 -1 -1.19 )
	v( 2.006 -1 -0.9 )
	v( 1.524 -1 -0.9 )
	v( 1.524 -1 -1.19 )
	v( 2.006 -1 -1.19 )
	v( 0.241 -1 -0.9 )
	v( -0.241 -1 -0.9 )
	v( -0.241 -1 -1.19 )
	v( 0.241 -1 -1.19 )
	v( -1.524 -1 -0.9 )
	v( -2.006 -1 -0.9 )
	v( -2.006 -1 -1.19 )
	v( -1.524 -1 -1.19 )
	v( -3.288 -1 -0.9 )
	v( -3.771 -1 -0.9 )
	v( -3.771 -1 -1.19 )
	v( -3.288 -1 -1.19 )
	v( -5.053 -1 -0.9 )
	v( -5.535 -1 -0.9 )
	v( -5.535 -1 -1.19 )
	v( -5.053 -1 -1.19 )
	v( 7.5 1 -1 )
	v( 6.818 1 -1 )
	v( 6.818 1 -1.29 )
	v( 7.5 1 -1.29 )
	v( 5.535 1 -1 )
	v( 5.535 1 -1.29 )
	v( 5.053 1 -1 )
	v( 5.053 1 -1.29 )
	v( 3.771 1 -1 )
	v( 3.771 1 -1.29 )
	v( 3.288 1 -1 )
	v( 3.288 1 -1.29 )
	v( 2.006 1 -1 )
	v( 2.006 1 -1.29 )
	v( 1.524 1 -1 )
	v( 1.524 1 -1.29 )
	v( 0.241 1 -1 )
	v( 0.241 1 -1.29 )
	v( -0.241 1 -1 )
	v( -0.241 1 -1.29 )
	v( -1.524 1 -1 )
	v( -1.524 1 -1.29 )
	v( -2.006 1 -1 )
	v( -2.006 1 -1.29 )
	v( -3.288 1 -1 )
	v( -3.288 1 -1.29 )
	v( -3.771 1 -1 )
	v( -3.771 1 -1.29 )
	v( -5.053 1 -1 )
	v( -5.053 1 -1.29 )
	v( -5.535 1 -1 )
	v( -5.535 1 -1.29 )
	v( -6.818 1 -1 )
	v( -6.818 1 -1.29 )
	v( -7.5 1 -1 )
	v( -6.818 1 -1 )
	v( -6.818 1 -1.29 )
	v( -7.5 1 -1.29 )
	v( 6.818 0.5 -1 )
	v( 6.818 0.5 -1.29 )
	v( 5.535 -1 -0.9 )
	v( 5.535 0.5 -1 )
	v( 5.535 -1 -1.19 )
	v( 5.535 0.5 -1.29 )
	v( 5.053 -1 -0.9 )
	v( 5.053 0.5 -1 )
	v( 5.053 -1 -1.19 )
	v( 5.053 0.5 -1.29 )
	v( 3.771 -1 -0.9 )
	v( 3.771 0.5 -1 )
	v( 3.771 -1 -1.19 )
	v( 3.771 0.5 -1.29 )
	v( 3.288 -1 -0.9 )
	v( 3.288 0.5 -1 )
	v( 3.288 -1 -1.19 )
	v( 3.288 0.5 -1.29 )
	v( 2.006 -1 -0.9 )
	v( 2.006 0.5 -1 )
	v( 2.006 -1 -1.19 )
	v( 2.006 0.5 -1.29 )
	v( 1.524 -1 -0.9 )
	v( 1.524 0.5 -1 )
	v( 1.524 -1 -1.19 )
	v( 1.524 0.5 -1.29 )
	v( 0.241 -1 -0.9 )
	v( 0.241 0.5 -1 )
	v( 0.241 -1 -1.19 )
	v( 0.241 0.5 -1.29 )
	v( -0.241 -1 -0.9 )
	v( -0.241 0.5 -1 )
	v( -0.241 -1 -1.19 )
	v( -0.241 0.5 -1.29 )
	v( -1.524 -1 -0.9 )
	v( -1.524 0.5 -1 )
	v( -1.524 -1 -1.19 )
	v( -1.524 0.5 -1.29 )
	v( -2.006 -1 -0.9 )
	v( -2.006 0.5 -1 )
	v( -2.006 -1 -1.19 )
	v( -2.006 0.5 -1.29 )
	v( -3.288 -1 -0.9 )
	v( -3.288 0.5 -1 )
	v( -3.288 -1 -1.19 )
	v( -3.288 0.5 -1.29 )
	v( -3.771 -1 -0.9 )
	v( -3.771 0.5 -1 )
	v( -3.771 -1 -1.19 )
	v( -3.771 0.5 -1.29 )
	v( -5.053 -1 -0.9 )
	v( -5.053 0.5 -1 )
	v( -5.053 -1 -1.19 )
	v( -5.053 0.5 -1.29 )
	v( -5.535 -1 -0.9 )
	v( -5.535 0.5 -1 )
	v( -5.535 -1 -1.19 )
	v( -5.535 0.5 -1.29 )
	v( -6.818 0.5 -1 )
	v( -6.818 0.5 -1.29 )
	v( 6.818 0.5 -1 )
	v( 5.535 0.5 -1 )
	v( 5.535 0.5 -1.29 )
	v( 6.818 0.5 -1.29 )
	v( 5.053 0.5 -1 )
	v( 3.771 0.5 -1 )
	v( 3.771 0.5 -1.29 )
	v( 5.053 0.5 -1.29 )
	v( 3.288 0.5 -1 )
	v( 2.006 0.5 -1 )
	v( 2.006 0.5 -1.29 )
	v( 3.288 0.5 -1.29 )
	v( 1.524 0.5 -1 )
	v( 0.241 0.5 -1 )
	v( 0.241 0.5 -1.29 )
	v( 1.524 0.5 -1.29 )
	v( -0.241 0.5 -1 )
	v( -1.524 0.5 -1 )
	v( -1.524 0.5 -1.29 )
	v( -0.241 0.5 -1.29 )
	v( -2.006 0.5 -1 )
	v( -3.288 0.5 -1 )
	v( -3.288 0.5 -1.29 )
	v( -2.006 0.5 -1.29 )
	v( -3.771 0.5 -1 )
	v( -5.053 0.5 -1 )
	v( -5.053 0.5 -1.29 )
	v( -3.771 0.5 -1.29 )
	v( -5.535 0.5 -1 )
	v( -6.818 0.5 -1 )
	v( -6.818 0.5 -1.29 )
	v( -5.535 0.5 -1.29 )
	v( -7.5 1 -1 )
	v( -6.818 0.5 -1 )
	v( -6.818 0.5 -1.29 )
	v( -7.5 1 -1.29 )
	v( -7.2 -2.1 -0.9 )
	v( -7.5 1 -1 )
	v( -7.5 1 -1.29 )
	v( -7.2 -2.1 -0.9 )
	v( -7.5 1 -1.29 )
	v( -7.2 -2.724 -1.175 )
	v( 7.5 1 -1 )
	v( 7.2 -2.1 -0.9 )
	v( 7.5 1 -1.29 )
	v( 7.2 -2.1 -0.9 )
	v( 7.2 -2.724 -1.175 )
	v( 7.5 1 -1.29 )
	v( 6.818 -1 0.9 )
	v( 6.818 0.5 1 )
	v( 6.818 0.5 1 )
	v( 5.535 0.5 1 )
	v( 5.535 -1 -0.9 )
	v( 5.535 0.5 -1 )
	v( 5.535 0.5 1 )
	v( 5.535 -1 0.9 )
	v( 5.053 -1 0.9 )
	v( 5.053 0.5 1 )
	v( 5.053 0.5 1 )
	v( 3.771 0.5 1 )
	v( 3.771 -1 -0.9 )
	v( 3.771 0.5 -1 )
	v( 3.771 0.5 1 )
	v( 3.771 -1 0.9 )
	v( 3.288 -1 0.9 )
	v( 3.288 0.5 1 )
	v( 3.288 0.5 1 )
	v( 2.006 0.5 1 )
	v( 2.006 -1 -0.9 )
	v( 2.006 0.5 -1 )
	v( 2.006 0.5 1 )
	v( 2.006 -1 0.9 )
	v( 1.524 -1 0.9 )
	v( 1.524 0.5 1 )
	v( 1.524 0.5 1 )
	v( 0.241 0.5 1 )
	v( 0.241 -1 -0.9 )
	v( 0.241 0.5 -1 )
	v( 0.241 0.5 1 )
	v( 0.241 -1 0.9 )
	v( -0.241 -1 0.9 )
	v( -0.241 0.5 1 )
	v( -0.241 0.5 1 )
	v( -1.524 0.5 1 )
	v( -1.524 -1 -0.9 )
	v( -1.524 0.5 -1 )
	v( -1.524 0.5 1 )
	v( -1.524 -1 0.9 )
	v( -2.006 -1 0.9 )
	v( -2.006 0.5 1 )
	v( -2.006 0.5 1 )
	v( -3.288 0.5 1 )
	v( -3.288 -1 -0.9 )
	v( -3.288 0.5 -1 )
	v( -3.288 0.5 1 )
	v( -3.288 -1 0.9 )
	v( -3.771 -1 0.9 )
	v( -3.771 0.5 1 )
	v( -3.771 0.5 1 )
	v( -5.053 0.5 1 )
	v( -5.053 -1 -0.9 )
	v( -5.053 0.5 -1 )
	v( -5.053 0.5 1 )
	v( -5.053 -1 0.9 )
	v( -5.535 -1 0.9 )
	v( -5.535 0.5 1 )
	v( -5.535 0.5 1 )
	v( -6.818 0.5 1 )
	v( -6.818 -1 0.9 )
	v( -6.818 0.5 1 )
	v( -7.5 1 1 )
	v( -7.2 -1 0.9 )
	v( -6.818 0.5 1 )
	v( -7.2 -1 0.9 )
	v( -6.818 -1 0.9 )
	v( -6.818 0.5 1 )
	v( -5.535 1 1 )
	v( -5.535 0.5 1 )
	v( -5.535 0.5 1 )
	v( -5.535 -1 0.9 )
	v( -5.053 -1 0.9 )
	v( -5.053 0.5 1 )
	v( -5.053 0.5 1 )
	v( -5.053 1 1 )
	v( -3.771 0.5 1 )
	v( -3.771 1 1 )
	v( -3.771 0.5 1 )
	v( -3.771 -1 0.9 )
	v( -3.288 -1 0.9 )
	v( -3.288 0.5 1 )
	v( -3.288 0.5 1 )
	v( -3.288 1 1 )
	v( -2.006 0.5 1 )
	v( -2.006 1 1 )
	v( -2.006 0.5 1 )
	v( -2.006 -1 0.9 )
	v( -1.524 -1 0.9 )
	v( -1.524 0.5 1 )
	v( -1.524 0.5 1 )
	v( -1.524 1 1 )
	v( -0.241 0.5 1 )
	v( -0.241 1 1 )
	v( -0.241 0.5 1 )
	v( -0.241 -1 0.9 )
	v( 0.241 -1 0.9 )
	v( 0.241 0.5 1 )
	v( 0.241 0.5 1 )
	v( 0.241 1 1 )
	v( 1.524 0.5 1 )
	v( 1.524 1 1 )
	v( 1.524 0.5 1 )
	v( 1.524 -1 0.9 )
	v( 2.006 -1 0.9 )
	v( 2.006 0.5 1 )
	v( 2.006 0.5 1 )
	v( 2.006 1 1 )
	v( 3.288 0.5 1 )
	v( 3.288 1 1 )
	v( 3.288 0.5 1 )
	v( 3.288 -1 0.9 )
	v( 3.771 -1 0.9 )
	v( 3.771 0.5 1 )
	v( 3.771 0.5 1 )
	v( 3.771 1 1 )
	v( 5.053 0.5 1 )
	v( 5.053 1 1 )
	v( 5.053 0.5 1 )
	v( 5.053 -1 0.9 )
	v( 5.535 -1 0.9 )
	v( 5.535 0.5 1 )
	v( 5.535 0.5 1 )
	v( 5.535 1 1 )
	v( 6.818 0.5 1 )
	v( 6.818 -1 0.9 )
	v( 7.2 -1 0.9 )
	v( 6.818 0.5 1 )
	v( 7.2 -1 0.9 )
	v( 7.5 1 1 )
	v( -5.535 0.5 -1 )
	v( -5.535 1 -1 )
	v( -5.053 0.5 -1 )
	v( -5.053 1 -1 )
	v( -5.535 -1 -0.9 )
	v( -5.535 0.5 -1 )
	v( -5.053 -1 -0.9 )
	v( -5.053 0.5 -1 )
	v( -3.771 0.5 -1 )
	v( -3.771 1 -1 )
	v( -3.288 0.5 -1 )
	v( -3.288 1 -1 )
	v( -3.771 -1 -0.9 )
	v( -3.771 0.5 -1 )
	v( -3.288 -1 -0.9 )
	v( -3.288 0.5 -1 )
	v( -2.006 1 -1 )
	v( -2.006 0.5 -1 )
	v( -1.524 1 -1 )
	v( -1.524 0.5 -1 )
	v( -2.006 -1 -0.9 )
	v( -2.006 0.5 -1 )
	v( -1.524 0.5 -1 )
	v( -1.524 -1 -0.9 )
	v( -0.241 0.5 -1 )
	v( -0.241 1 -1 )
	v( 0.241 0.5 -1 )
	v( 0.241 1 -1 )
	v( -0.241 -1 -0.9 )
	v( -0.241 0.5 -1 )
	v( 0.241 -1 -0.9 )
	v( 0.241 0.5 -1 )
	v( 1.524 0.5 -1 )
	v( 1.524 1 -1 )
	v( 2.006 1 -1 )
	v( 2.006 0.5 -1 )
	v( 1.524 -1 -0.9 )
	v( 1.524 0.5 -1 )
	v( 2.006 -1 -0.9 )
	v( 2.006 0.5 -1 )
	v( 3.288 1 -1 )
	v( 3.288 0.5 -1 )
	v( 3.771 1 -1 )
	v( 3.771 0.5 -1 )
	v( 3.288 -1 -0.9 )
	v( 3.288 0.5 -1 )
	v( 3.771 -1 -0.9 )
	v( 3.771 0.5 -1 )
	v( 5.053 1 -1 )
	v( 5.053 0.5 -1 )
	v( 5.535 1 -1 )
	v( 5.535 0.5 -1 )
	v( 5.053 -1 -0.9 )
	v( 5.053 0.5 -1 )
	v( 5.535 0.5 -1 )
	v( 5.535 -1 -0.9 )
	v( 7.5 1 -1 )
	v( 7.2 -2.1 -0.9 )
	v( 6.818 0.5 -1 )
	v( 7.2 -2.1 -0.9 )
	v( 6.818 -2.1 -0.9 )
	v( 6.818 0.5 -1 )
	v( -7.2 -1 0.9 )
	v( -7.5 1 1 )
	v( -7.5 1 -1 )
	v( -7.2 -1 0.9 )
	v( -7.5 1 -1 )
	v( -7.2 -2.1 -0.9 )
	v( 7.2 -2.1 -0.9 )
	v( 7.5 1 -1 )
	v( 7.2 -1 0.9 )
	v( 7.5 1 -1 )
	v( 7.5 1 1 )
	v( 7.2 -1 0.9 )
	v( -6.818 -1 0.9 )
	v( -7.2 -1 0.9 )
	v( -7.2 -2.1 -0.9 )
	v( -6.818 -2.1 -0.9 )
	v( -5.053 -1 0.9 )
	v( -5.535 -1 0.9 )
	v( -3.288 -1 0.9 )
	v( -3.771 -1 0.9 )
	v( -1.524 -1 0.9 )
	v( -2.006 -1 0.9 )
	v( 0.241 -1 0.9 )
	v( -0.241 -1 0.9 )
	v( 2.006 -1 0.9 )
	v( 1.524 -1 0.9 )
	v( 3.771 -1 0.9 )
	v( 3.288 -1 0.9 )
	v( 5.535 -1 0.9 )
	v( 5.053 -1 0.9 )
	v( 7.2 -1 0.9 )
	v( 6.818 -1 0.9 )
	v( 6.818 -2.1 -0.9 )
	v( 7.2 -2.1 -0.9 )
	n( 0 0 -1 )
	n( 0 0 -1 )
	n( 0 0 -1 )
	n( 0 0 -1 )
	n( 0 0 -1 )
	n( 0 0 -1 )
	n( 0 0 1 )
	n( 0 0 1 )
	n( 0 0 1 )
	n( 0 0 1 )
	n( 0 0 1 )
	n( 0 0 1 )
	n( -1 0 0 )
	n( -1 0 0 )
	n( -1 0 0 )
	n( 1 0 0 )
	n( 1 0 0 )
	n( 1 0 0 )
	n( -1 0 0 )
	n( -1 0 0 )
	n( -1 0 0 )
	n( 1 0 0 )
	n( 1 0 0 )
	n( 1 0 0 )
	n( 0 0.036 0.999 )
	n( 0 0.036 0.999 )
	n( 0 0.036 0.999 )
	n( 0 0.036 0.999 )
	n( 0 0.997 -0.077 )
	n( 0 0.997 -0.077 )
	n( 0 0.997 -0.077 )
	n( 0 0.997 -0.077 )
	n( 0 0.077 0.997 )
	n( 0 0.077 0.997 )
	n( 0 0.077 0.997 )
	n( 0 0.077 0.997 )
	n( 0 -1 0 )
	n( 0 -1 0 )
	n( 0 -1 0 )
	n( 0 -1 0 )
	n( 0 -0.101 -0.995 )
	n( 0 -0.101 -0.995 )
	n( 0 -0.101 -0.995 )
	n( 0 -0.101 -0.995 )
	n( 0 -1 0 )
	n( 0 -1 0 )
	n( 0 -1 0 )
	n( 0 -1 0 )
	n( 0 -0.101 -0.995 )
	n( 0 -0.101 -0.995 )
	n( 0 -0.101 -0.995 )
	n( 0 -0.101 -0.995 )
	n( -1 0 0 )
	n( -1 0 0 )
	n( -1 0 0 )
	n( -1 0 0 )
	n( 1 0 0 )
	n( 1 0 0 )
	n( 0 0.077 0.997 )
	n( 0 0.077 0.997 )
	n( 0 0.077 0.997 )
	n( 0 0.077 0.997 )
	n( 0 0.038 0.999 )
	n( 0 0.038 0.999 )
	n( 0 0.038 0.999 )
	n( 0 0.038 0.999 )
	n( 0 0.038 0.999 )
	n( 0 0.038 0.999 )
	n( 0 0.038 0.999 )
	n( 0 0.038 0.999 )
	n( -0.024 -0.033 -0.999 )
	n( -0.024 -0.033 -0.999 )
	n( -0.024 -0.033 -0.999 )
	n( 0 -0.036 -0.999 )
	n( 0 -0.036 -0.999 )
	n( 0 -0.036 -0.999 )
	n( 0 -1 0 )
	n( 0 -1 0 )
	n( 0 -1 0 )
	n( 0 -1 0 )
	n( 0 -1 0 )
	n( 0 -1 0 )
	n( 0 -1 0 )
	n( 0 -1 0 )
	n( 0 -1 0 )
	n( 0 -1 0 )
	n( 0 -1 0 )
	n( 0 -1 0 )
	n( 0 -1 0 )
	n( 0 -1 0 )
	n( 0 -1 0 )
	n( 0 -1 0 )
	n( 0 -1 0 )
	n( 0 -1 0 )
	n( 0 -1 0 )
	n( 0 -1 0 )
	n( 0 -1 0 )
	n( 0 -1 0 )
	n( 0 -1 0 )
	n( 0 -1 0 )
	n( 0 -1 0 )
	n( 0 -1 0 )
	n( 0 -1 0 )
	n( 0 -1 0 )
	n( 0 -1 0 )
	n( 0 -1 0 )
	n( 0 -1 0 )
	n( 0 -1 0 )
	n( 0 -1 0 )
	n( 0 -1 0 )
	n( 0 -1 0 )
	n( 0 -1 0 )
	n( 0 -1 0 )
	n( 0 -1 0 )
	n( 0 -1 0 )
	n( 0 -1 0 )
	n( 0 -1 0 )
	n( 0 -1 0 )
	n( 0 -1 0 )
	n( 0 -1 0 )
	n( 0 -1 0 )
	n( 0 -1 0 )
	n( 0 -1 0 )
	n( 0 -1 0 )
	n( 0 -1 0 )
	n( 0 -1 0 )
	n( 0 -1 0 )
	n( 0 -1 0 )
	n( 0 -1 0 )
	n( 0 -1 0 )
	n( 0 -1 0 )
	n( 0 -1 0 )
	n( 0 -1 0 )
	n( 0 -1 0 )
	n( 0 -1 0 )
	n( 0 -1 0 )
	n( 0 -1 0 )
	n( 0 -1 0 )
	n( 0 1 0 )
	n( 0 1 0 )
	n( 0 1 0 )
	n( 0 1 0 )
	n( -1 0 0 )
	n( -1 0 0 )
	n( -1 0 0 )
	n( -1 0 0 )
	n( -1 0 0 )
	n( -1 0 0 )
	n( -1 0 0 )
	n( -1 0 0 )
	n( -1 0 0 )
	n( -1 0 0 )
	n( -1 0 0 )
	n( -1 0 0 )
	n( -1 0 0 )
	n( -1 0 0 )
	n( -1 0 0 )
	n( -1 0 0 )
	n( -1 0 0 )
	n( -1 0 0 )
	n( -1 0 0 )
	n( -1 0 0 )
	n( -1 0 0 )
	n( -1 0 0 )
	n( -1 0 0 )
	n( -1 0 0 )
	n( -1 0 0 )
	n( -1 0 0 )
	n( -1 0 0 )
	n( -1 0 0 )
	n( -1 0 0 )
	n( -1 0 0 )
	n( -1 0 0 )
	n( -1 0 0 )
	n( -1 0 0 )
	n( -1 0 0 )
	n( -1 0 0 )
	n( -1 0 0 )
	n( -1 0 0 )
	n( -1 0 0 )
	n( -1 0 0 )
	n( -1 0 0 )
	n( -1 0 0 )
	n( -1 0 0 )
	n( -1 0 0 )
	n( -1 0 0 )
	n( -1 0 0 )
	n( -1 0 0 )
	n( -1 0 0 )
	n( -1 0 0 )
	n( -1 0 0 )
	n( -1 0 0 )
	n( -1 0 0 )
	n( -1 0 0 )
	n( -1 0 0 )
	n( -1 0 0 )
	n( -1 0 0 )
	n( -1 0 0 )
	n( -1 0 0 )
	n( -1 0 0 )
	n( 1 0 0 )
	n( 1 0 0 )
	n( 0 -1 0 )
	n( 0 -1 0 )
	n( 0 -1 0 )
	n( 0 -1 0 )
	n( 0 -1 0 )
	n( 0 -1 0 )
	n( 0 -1 0 )
	n( 0 -1 0 )
	n( 0 -1 0 )
	n( 0 -1 0 )
	n( 0 -1 0 )
	n( 0 -1 0 )
	n( 0 -1 0 )
	n( 0 -1 0 )
	n( 0 -1 0 )
	n( 0 -1 0 )
	n( 0 -1 0 )
	n( 0 -1 0 )
	n( 0 -1 0 )
	n( 0 -1 0 )
	n( 0 -1 0 )
	n( 0 -1 0 )
	n( 0 -1 0 )
	n( 0 -1 0 )
	n( 0 -1 0 )
	n( 0 -1 0 )
	n( 0 -1 0 )
	n( 0 -1 0 )
	n( 0 -1 0 )
	n( 0 -1 0 )
	n( 0 -1 0 )
	n( 0 -1 0 )
	n( 0.591 0.807 0 )
	n( 0.591 0.807 0 )
	n( 0.591 0.807 0 )
	n( 0.591 0.807 0 )
	n( -0.995 -0.096 0 )
	n( -0.995 -0.096 0 )
	n( -0.995 -0.096 0 )
	n( -0.983 -0.074 0.168 )
	n( -0.983 -0.074 0.168 )
	n( -0.983 -0.074 0.168 )
	n( 0.995 -0.096 0 )
	n( 0.995 -0.096 0 )
	n( 0.995 -0.096 0 )
	n( 0.983 -0.074 0.168 )
	n( 0.983 -0.074 0.168 )
	n( 0.983 -0.074 0.168 )
	n( -1 0 0 )
	n( -1 0 0 )
	n( 0 -1 0 )
	n( 0 -1 0 )
	n( 1 0 0 )
	n( 1 0 0 )
	n( 1 0 0 )
	n( 1 0 0 )
	n( -1 0 0 )
	n( -1 0 0 )
	n( 0 -1 0 )
	n( 0 -1 0 )
	n( 1 0 0 )
	n( 1 0 0 )
	n( 1 0 0 )
	n( 1 0 0 )
	n( -1 0 0 )
	n( -1 0 0 )
	n( 0 -1 0 )
	n( 0 -1 0 )
	n( 1 0 0 )
	n( 1 0 0 )
	n( 1 0 0 )
	n( 1 0 0 )
	n( -1 0 0 )
	n( -1 0 0 )
	n( 0 -1 0 )
	n( 0 -1 0 )
	n( 1 0 0 )
	n( 1 0 0 )
	n( 1 0 0 )
	n( 1 0 0 )
	n( -1 0 0 )
	n( -1 0 0 )
	n( 0 -1 0 )
	n( 0 -1 0 )
	n( 1 0 0 )
	n( 1 0 0 )
	n( 1 0 0 )
	n( 1 0 0 )
	n( -1 0 0 )
	n( -1 0 0 )
	n( 0 -1 0 )
	n( 0 -1 0 )
	n( 1 0 0 )
	n( 1 0 0 )
	n( 1 0 0 )
	n( 1 0 0 )
	n( -1 0 0 )
	n( -1 0 0 )
	n( 0 -1 0 )
	n( 0 -1 0 )
	n( 1 0 0 )
	n( 1 0 0 )
	n( 1 0 0 )
	n( 1 0 0 )
	n( -1 0 0 )
	n( -1 0 0 )
	n( 0 -1 0 )
	n( 0 -1 0 )
	n( 1 0 0 )
	n( 1 0 0 )
	n( -0.041 -0.056 0.998 )
	n( -0.041 -0.056 0.998 )
	n( -0.041 -0.056 0.998 )
	n( 0 -0.067 0.998 )
	n( 0 -0.067 0.998 )
	n( 0 -0.067 0.998 )
	n( 0 0 1 )
	n( 0 0 1 )
	n( 0 -0.067 0.998 )
	n( 0 -0.067 0.998 )
	n( 0 -0.067 0.998 )
	n( 0 -0.067 0.998 )
	n( 0 0 1 )
	n( 0 0 1 )
	n( 0 0 1 )
	n( 0 0 1 )
	n( 0 -0.067 0.998 )
	n( 0 -0.067 0.998 )
	n( 0 -0.067 0.998 )
	n( 0 -0.067 0.998 )
	n( 0 0 1 )
	n( 0 0 1 )
	n( 0 0 1 )
	n( 0 0 1 )
	n( 0 -0.067 0.998 )
	n( 0 -0.067 0.998 )
	n( 0 -0.067 0.998 )
	n( 0 -0.067 0.998 )
	n( 0 0 1 )
	n( 0 0 1 )
	n( 0 0 1 )
	n( 0 0 1 )
	n( 0 -0.067 0.998 )
	n( 0 -0.067 0.998 )
	n( 0 -0.067 0.998 )
	n( 0 -0.067 0.998 )
	n( 0 0 1 )
	n( 0 0 1 )
	n( 0 0 1 )
	n( 0 0 1 )
	n( 0 -0.067 0.998 )
	n( 0 -0.067 0.998 )
	n( 0 -0.067 0.998 )
	n( 0 -0.067 0.998 )
	n( 0 0 1 )
	n( 0 0 1 )
	n( 0 0 1 )
	n( 0 0 1 )
	n( 0 -0.067 0.998 )
	n( 0 -0.067 0.998 )
	n( 0 -0.067 0.998 )
	n( 0 -0.067 0.998 )
	n( 0 0 1 )
	n( 0 0 1 )
	n( 0 0 1 )
	n( 0 0 1 )
	n( 0 -0.067 0.998 )
	n( 0 -0.067 0.998 )
	n( 0 -0.067 0.998 )
	n( 0 -0.067 0.998 )
	n( 0 0 1 )
	n( 0 0 1 )
	n( 0 -0.067 0.998 )
	n( 0 -0.067 0.998 )
	n( 0 -0.067 0.998 )
	n( 0.041 -0.056 0.998 )
	n( 0.041 -0.056 0.998 )
	n( 0.041 -0.056 0.998 )
	n( 0 0 -1 )
	n( 0 0 -1 )
	n( 0 0 -1 )
	n( 0 0 -1 )
	n( 0 -0.067 -0.998 )
	n( 0 -0.067 -0.998 )
	n( 0 -0.067 -0.998 )
	n( 0 -0.067 -0.998 )
	n( 0 0 -1 )
	n( 0 0 -1 )
	n( 0 0 -1 )
	n( 0 0 -1 )
	n( 0 -0.067 -0.998 )
	n( 0 -0.067 -0.998 )
	n( 0 -0.067 -0.998 )
	n( 0 -0.067 -0.998 )
	n( 0 0 -1 )
	n( 0 0 -1 )
	n( 0 0 -1 )
	n( 0 0 -1 )
	n( 0 -0.067 -0.998 )
	n( 0 -0.067 -0.998 )
	n( 0 -0.067 -0.998 )
	n( 0 -0.067 -0.998 )
	n( 0 0 -1 )
	n( 0 0 -1 )
	n( 0 0 -1 )
	n( 0 0 -1 )
	n( 0 -0.067 -0.998 )
	n( 0 -0.067 -0.998 )
	n( 0 -0.067 -0.998 )
	n( 0 -0.067 -0.998 )
	n( 0 0 -1 )
	n( 0 0 -1 )
	n( 0 0 -1 )
	n( 0 0 -1 )
	n( 0 -0.067 -0.998 )
	n( 0 -0.067 -0.998 )
	n( 0 -0.067 -0.998 )
	n( 0 -0.067 -0.998 )
	n( 0 0 -1 )
	n( 0 0 -1 )
	n( 0 0 -1 )
	n( 0 0 -1 )
	n( 0 -0.067 -0.998 )
	n( 0 -0.067 -0.998 )
	n( 0 -0.067 -0.998 )
	n( 0 -0.067 -0.998 )
	n( 0 0 -1 )
	n( 0 0 -1 )
	n( 0 0 -1 )
	n( 0 0 -1 )
	n( 0 -0.067 -0.998 )
	n( 0 -0.067 -0.998 )
	n( 0 -0.067 -0.998 )
	n( 0 -0.067 -0.998 )
	n( 0.025 -0.035 -0.999 )
	n( 0.025 -0.035 -0.999 )
	n( 0.025 -0.035 -0.999 )
	n( 0 -0.038 -0.999 )
	n( 0 -0.038 -0.999 )
	n( 0 -0.038 -0.999 )
	n( -0.989 -0.148 0 )
	n( -0.989 -0.148 0 )
	n( -0.989 -0.148 0 )
	n( -0.994 -0.094 0.058 )
	n( -0.994 -0.094 0.058 )
	n( -0.994 -0.094 0.058 )
	n( 0.994 -0.094 0.058 )
	n( 0.994 -0.094 0.058 )
	n( 0.994 -0.094 0.058 )
	n( 0.989 -0.148 0 )
	n( 0.989 -0.148 0 )
	n( 0.989 -0.148 0 )
	n( 0 -0.853 0.521 )
	n( 0 -0.853 0.521 )
	n( 0 -0.853 0.521 )
	n( 0 -0.853 0.521 )
	n( 0 -1 0 )
	n( 0 -1 0 )
	n( 0 -1 0 )
	n( 0 -1 0 )
	n( 0 -1 0 )
	n( 0 -1 0 )
	n( 0 -1 0 )
	n( 0 -1 0 )
	n( 0 -1 0 )
	n( 0 -1 0 )
	n( 0 -1 0 )
	n( 0 -1 0 )
	n( 0 -1 0 )
	n( 0 -1 0 )
	n( 0 -0.853 0.521 )
	n( 0 -0.853 0.521 )
	n( 0 -0.853 0.521 )
	n( 0 -0.853 0.521 )
	ng( 1 )
	g( "null" )
	mt( "material/blackMetalShelf" )
	ni( 697 5 )
	i( 3 70 71 72 )
	i( 3 72 401 401 )
	i( 3 400 402 403 )
	i( 3 403 321 321 )
	i( 3 320 322 323 )
	i( 3 323 279 279 )
	i( 3 278 280 281 )
	i( 3 281 271 271 )
	i( 3 270 272 273 )
	i( 3 273 263 263 )
	i( 3 262 264 265 )
	i( 3 265 255 255 )
	i( 3 254 256 257 )
	i( 3 257 29 29 )
	i( 3 28 30 31 )
	i( 3 31 25 25 )
	i( 3 24 26 27 )
	i( 3 27 473 473 )
	i( 3 472 474 475 )
	i( 3 475 471 471 )
	i( 3 470 77 76 )
	i( 3 78 79 79 )
	i( 3 469 469 468 )
	i( 3 81 80 82 )
	i( 3 83 83 455 )
	i( 3 455 454 456 )
	i( 3 457 457 433 )
	i( 3 433 432 434 )
	i( 3 435 435 369 )
	i( 3 369 368 370 )
	i( 3 371 371 361 )
	i( 3 361 360 362 )
	i( 3 363 363 353 )
	i( 3 353 352 354 )
	i( 3 355 355 345 )
	i( 3 345 344 346 )
	i( 3 347 347 337 )
	i( 3 337 336 338 )
	i( 3 339 339 329 )
	i( 3 329 328 330 )
	i( 3 331 331 303 )
	i( 3 303 302 304 )
	i( 3 305 305 295 )
	i( 3 295 294 296 )
	i( 3 297 297 287 )
	i( 3 287 286 288 )
	i( 3 289 289 235 )
	i( 3 235 234 236 )
	i( 3 237 237 309 )
	i( 3 309 308 231 )
	i( 3 230 232 233 )
	i( 3 233 293 293 )
	i( 3 292 223 222 )
	i( 3 224 225 225 )
	i( 3 269 269 268 )
	i( 3 211 210 212 )
	i( 3 213 213 261 )
	i( 3 261 260 207 )
	i( 3 206 208 209 )
	i( 3 209 139 139 )
	i( 3 138 140 141 )
	i( 3 141 67 67 )
	i( 3 66 68 69 )
	i( 3 69 63 63 )
	i( 3 62 64 65 )
	i( 3 65 58 58 )
	i( 3 32 59 32 )
	i( 3 33 32 34 )
	i( 3 35 34 60 )
	i( 3 61 61 451 )
	i( 3 451 452 453 )
	i( 3 453 22 22 )
	i( 3 21 23 56 )
	i( 3 57 57 448 )
	i( 3 448 449 450 )
	i( 3 450 285 285 )
	i( 3 284 219 218 )
	i( 3 220 221 221 )
	i( 3 175 175 173 )
	i( 3 174 173 172 )
	i( 3 283 282 282 )
	i( 3 445 445 446 )
	i( 3 447 447 459 )
	i( 3 459 458 101 )
	i( 3 100 102 103 )
	i( 3 103 461 461 )
	i( 3 460 97 96 )
	i( 3 98 99 99 )
	i( 3 463 463 462 )
	i( 3 93 92 94 )
	i( 3 95 95 465 )
	i( 3 465 464 89 )
	i( 3 88 90 91 )
	i( 3 91 467 467 )
	i( 3 466 85 84 )
	i( 3 86 87 87 )
	i( 3 251 251 250 )
	i( 3 142 12 143 )
	i( 3 12 13 14 )
	i( 3 52 53 53 )
	i( 3 3 3 5 )
	i( 3 4 380 381 )
	i( 3 382 383 388 )
	i( 3 389 390 391 )
	i( 3 390 396 396 )
	i( 3 390 390 396 )
	i( 3 397 398 399 )
	i( 3 398 404 405 )
	i( 3 406 407 412 )
	i( 3 413 412 414 )
	i( 3 414 412 412 )
	i( 3 414 415 420 )
	i( 3 421 422 423 )
	i( 3 428 429 430 )
	i( 3 431 0 2 )
	i( 3 1 1 442 )
	i( 3 442 443 444 )
	i( 3 444 9 9 )
	i( 3 11 10 318 )
	i( 3 319 318 324 )
	i( 3 325 326 327 )
	i( 3 332 333 334 )
	i( 3 334 333 333 )
	i( 3 334 335 340 )
	i( 3 341 342 343 )
	i( 3 348 349 350 )
	i( 3 351 356 356 )
	i( 3 351 351 356 )
	i( 3 357 358 359 )
	i( 3 364 365 366 )
	i( 3 367 372 373 )
	i( 3 7 6 8 )
	i( 3 8 439 439 )
	i( 3 440 441 441 )
	i( 3 136 136 136 )
	i( 3 137 134 135 )
	i( 3 132 133 130 )
	i( 3 131 128 129 )
	i( 3 126 127 127 )
	i( 3 126 126 127 )
	i( 3 124 125 122 )
	i( 3 123 120 121 )
	i( 3 118 119 116 )
	i( 3 117 117 116 )
	i( 3 116 117 114 )
	i( 3 115 112 113 )
	i( 3 110 111 108 )
	i( 3 109 105 106 )
	i( 3 104 107 107 )
	i( 3 46 46 47 )
	i( 3 36 37 36 )
	i( 3 38 39 38 )
	i( 3 44 45 45 )
	i( 3 51 51 50 )
	i( 3 40 41 40 )
	i( 3 42 43 42 )
	i( 3 49 48 48 )
	i( 3 18 18 19 )
	i( 3 20 54 55 )
	i( 3 55 436 436 )
	i( 3 436 437 438 )
	i( 3 438 144 144 )
	i( 3 144 145 146 )
	i( 3 147 147 258 )
	i( 3 258 259 148 )
	i( 3 149 150 151 )
	i( 3 151 152 152 )
	i( 3 153 154 155 )
	i( 3 155 266 266 )
	i( 3 267 156 157 )
	i( 3 158 159 159 )
	i( 3 160 160 161 )
	i( 3 162 163 163 )
	i( 3 274 274 275 )
	i( 3 164 165 166 )
	i( 3 167 167 168 )
	i( 3 168 169 170 )
	i( 3 171 171 176 )
	i( 3 176 177 178 )
	i( 3 179 179 290 )
	i( 3 290 291 180 )
	i( 3 181 182 183 )
	i( 3 183 184 184 )
	i( 3 185 186 187 )
	i( 3 187 298 298 )
	i( 3 299 188 189 )
	i( 3 190 191 191 )
	i( 3 192 192 193 )
	i( 3 194 195 195 )
	i( 3 306 306 307 )
	i( 3 196 197 198 )
	i( 3 199 199 311 )
	i( 3 311 310 200 )
	i( 3 16 201 16 )
	i( 3 15 17 17 )
	i( 3 252 252 253 )
	i( 3 202 203 202 )
	i( 3 204 205 205 )
	i( 3 392 392 392 )
	i( 3 393 394 395 )
	i( 3 395 384 384 )
	i( 3 385 386 387 )
	i( 3 387 377 377 )
	i( 3 378 379 379 )
	i( 3 276 276 276 )
	i( 3 277 214 215 )
	i( 3 214 216 217 )
	i( 3 217 374 374 )
	i( 3 374 375 376 )
	i( 3 376 300 300 )
	i( 3 300 301 226 )
	i( 3 227 226 228 )
	i( 3 229 229 315 )
	i( 3 315 315 316 )
	i( 3 317 317 408 )
	i( 3 408 408 409 )
	i( 3 410 411 411 )
	i( 3 416 416 417 )
	i( 3 418 419 419 )
	i( 3 424 424 425 )
	i( 3 426 427 427 )
	i( 3 73 73 74 )
	i( 3 75 75 312 )
	i( 3 312 312 313 )
	i( 3 314 314 238 )
	i( 3 238 238 239 )
	i( 3 240 240 247 )
	i( 3 247 247 248 )
	i( 3 249 249 241 )
	i( 3 241 241 242 )
	i( 3 243 243 244 )
	i( 3 244 244 245 )
	i( 1 246 )
}
