object( "object/rack2" )
{
	l( 0.906 5.262 2.13 )
	s( 0.1 0.1 0.1 )
	ra( 0.763 )
	di( 7.5 1 1 )
	vb( 6912 3456 0 0 0 )
	v( 6.818 1 -1 )
	v( 7.5 1 -1 )
	v( 6.818 0.5 -1 )
	v( -7.5 1 -1 )
	v( -6.818 1 -1 )
	v( -6.818 0.5 -1 )
	v( 6.818 1 1 )
	v( 6.818 0.5 1 )
	v( 7.5 1 1 )
	v( -7.5 1 1 )
	v( -6.818 0.5 1 )
	v( -6.818 1 1 )
	v( 6.818 -1 -0.9 )
	v( 6.818 -1 0.9 )
	v( 6.818 0.5 1 )
	v( 6.818 0.5 -1 )
	v( 6.818 0.5 -1 )
	v( 6.818 0.5 1 )
	v( 5.535 0.5 1 )
	v( 5.535 0.5 -1 )
	v( 5.535 -1 -0.9 )
	v( 5.535 0.5 -1 )
	v( 5.535 0.5 1 )
	v( 5.535 -1 0.9 )
	v( 5.053 -1 -0.9 )
	v( 5.053 -1 0.9 )
	v( 5.053 0.5 1 )
	v( 5.053 0.5 -1 )
	v( 5.053 0.5 -1 )
	v( 5.053 0.5 1 )
	v( 3.771 0.5 -1 )
	v( 3.771 0.5 1 )
	v( 3.771 -1 -0.9 )
	v( 3.771 0.5 -1 )
	v( 3.771 0.5 1 )
	v( 3.771 -1 0.9 )
	v( 3.288 -1 -0.9 )
	v( 3.288 -1 0.9 )
	v( 3.288 0.5 1 )
	v( 3.288 0.5 -1 )
	v( 3.288 0.5 -1 )
	v( 3.288 0.5 1 )
	v( 2.006 0.5 -1 )
	v( 2.006 0.5 1 )
	v( 2.006 -1 -0.9 )
	v( 2.006 0.5 -1 )
	v( 2.006 0.5 1 )
	v( 2.006 -1 0.9 )
	v( 1.524 -1 -0.9 )
	v( 1.524 -1 0.9 )
	v( 1.524 0.5 1 )
	v( 1.524 0.5 -1 )
	v( 1.524 0.5 -1 )
	v( 1.524 0.5 1 )
	v( 0.241 0.5 1 )
	v( 0.241 0.5 -1 )
	v( 0.241 -1 -0.9 )
	v( 0.241 0.5 -1 )
	v( 0.241 0.5 1 )
	v( 0.241 -1 0.9 )
	v( -0.241 -1 -0.9 )
	v( -0.241 -1 0.9 )
	v( -0.241 0.5 1 )
	v( -0.241 0.5 -1 )
	v( -0.241 0.5 -1 )
	v( -0.241 0.5 1 )
	v( -1.524 0.5 -1 )
	v( -1.524 0.5 1 )
	v( -1.524 -1 -0.9 )
	v( -1.524 0.5 -1 )
	v( -1.524 0.5 1 )
	v( -1.524 -1 0.9 )
	v( -2.006 -1 -0.9 )
	v( -2.006 -1 0.9 )
	v( -2.006 0.5 1 )
	v( -2.006 0.5 -1 )
	v( -2.006 0.5 -1 )
	v( -2.006 0.5 1 )
	v( -3.288 0.5 -1 )
	v( -3.288 0.5 1 )
	v( -3.288 -1 -0.9 )
	v( -3.288 0.5 -1 )
	v( -3.288 0.5 1 )
	v( -3.288 -1 0.9 )
	v( -3.771 -1 -0.9 )
	v( -3.771 -1 0.9 )
	v( -3.771 0.5 1 )
	v( -3.771 0.5 -1 )
	v( -3.771 0.5 -1 )
	v( -3.771 0.5 1 )
	v( -5.053 0.5 1 )
	v( -5.053 0.5 -1 )
	v( -5.053 -1 -0.9 )
	v( -5.053 0.5 -1 )
	v( -5.053 0.5 1 )
	v( -5.053 -1 0.9 )
	v( -5.535 -1 -0.9 )
	v( -5.535 -1 0.9 )
	v( -5.535 0.5 1 )
	v( -5.535 0.5 -1 )
	v( -5.535 0.5 -1 )
	v( -5.535 0.5 1 )
	v( -6.818 0.5 -1 )
	v( -6.818 0.5 1 )
	v( -6.818 -1 -0.9 )
	v( -6.818 0.5 -1 )
	v( -6.818 0.5 1 )
	v( -6.818 -1 0.9 )
	v( -7.5 1 1 )
	v( -7.2 -1 0.9 )
	v( -6.818 0.5 1 )
	v( -7.2 -1 0.9 )
	v( -6.818 -1 0.9 )
	v( -6.818 0.5 1 )
	v( -5.535 1 1 )
	v( -5.535 0.5 1 )
	v( -5.535 0.5 1 )
	v( -5.535 -1 0.9 )
	v( -5.053 -1 0.9 )
	v( -5.053 0.5 1 )
	v( -5.053 0.5 1 )
	v( -5.053 1 1 )
	v( -3.771 0.5 1 )
	v( -3.771 1 1 )
	v( -3.771 0.5 1 )
	v( -3.771 -1 0.9 )
	v( -3.288 -1 0.9 )
	v( -3.288 0.5 1 )
	v( -3.288 0.5 1 )
	v( -3.288 1 1 )
	v( -2.006 0.5 1 )
	v( -2.006 1 1 )
	v( -2.006 0.5 1 )
	v( -2.006 -1 0.9 )
	v( -1.524 -1 0.9 )
	v( -1.524 0.5 1 )
	v( -1.524 0.5 1 )
	v( -1.524 1 1 )
	v( -0.241 0.5 1 )
	v( -0.241 1 1 )
	v( -0.241 0.5 1 )
	v( -0.241 -1 0.9 )
	v( 0.241 -1 0.9 )
	v( 0.241 0.5 1 )
	v( 0.241 0.5 1 )
	v( 0.241 1 1 )
	v( 1.524 0.5 1 )
	v( 1.524 1 1 )
	v( 1.524 0.5 1 )
	v( 1.524 -1 0.9 )
	v( 2.006 -1 0.9 )
	v( 2.006 0.5 1 )
	v( 2.006 0.5 1 )
	v( 2.006 1 1 )
	v( 3.288 0.5 1 )
	v( 3.288 1 1 )
	v( 3.288 0.5 1 )
	v( 3.288 -1 0.9 )
	v( 3.771 -1 0.9 )
	v( 3.771 0.5 1 )
	v( 3.771 0.5 1 )
	v( 3.771 1 1 )
	v( 5.053 0.5 1 )
	v( 5.053 1 1 )
	v( 5.053 0.5 1 )
	v( 5.053 -1 0.9 )
	v( 5.535 -1 0.9 )
	v( 5.535 0.5 1 )
	v( 5.535 0.5 1 )
	v( 5.535 1 1 )
	v( 6.818 0.5 1 )
	v( 6.818 -1 0.9 )
	v( 7.2 -1 0.9 )
	v( 6.818 0.5 1 )
	v( 7.2 -1 0.9 )
	v( 7.5 1 1 )
	v( -7.2 -1 -0.9 )
	v( -7.5 1 -1 )
	v( -6.818 0.5 -1 )
	v( -7.2 -1 -0.9 )
	v( -6.818 0.5 -1 )
	v( -6.818 -1 -0.9 )
	v( -5.535 0.5 -1 )
	v( -5.535 1 -1 )
	v( -5.053 0.5 -1 )
	v( -5.053 1 -1 )
	v( -5.535 -1 -0.9 )
	v( -5.535 0.5 -1 )
	v( -5.053 -1 -0.9 )
	v( -5.053 0.5 -1 )
	v( -3.771 0.5 -1 )
	v( -3.771 1 -1 )
	v( -3.288 0.5 -1 )
	v( -3.288 1 -1 )
	v( -3.771 -1 -0.9 )
	v( -3.771 0.5 -1 )
	v( -3.288 -1 -0.9 )
	v( -3.288 0.5 -1 )
	v( -2.006 1 -1 )
	v( -2.006 0.5 -1 )
	v( -1.524 1 -1 )
	v( -1.524 0.5 -1 )
	v( -2.006 -1 -0.9 )
	v( -2.006 0.5 -1 )
	v( -1.524 0.5 -1 )
	v( -1.524 -1 -0.9 )
	v( -0.241 0.5 -1 )
	v( -0.241 1 -1 )
	v( 0.241 0.5 -1 )
	v( 0.241 1 -1 )
	v( -0.241 -1 -0.9 )
	v( -0.241 0.5 -1 )
	v( 0.241 -1 -0.9 )
	v( 0.241 0.5 -1 )
	v( 1.524 0.5 -1 )
	v( 1.524 1 -1 )
	v( 2.006 1 -1 )
	v( 2.006 0.5 -1 )
	v( 1.524 -1 -0.9 )
	v( 1.524 0.5 -1 )
	v( 2.006 -1 -0.9 )
	v( 2.006 0.5 -1 )
	v( 3.288 1 -1 )
	v( 3.288 0.5 -1 )
	v( 3.771 1 -1 )
	v( 3.771 0.5 -1 )
	v( 3.288 -1 -0.9 )
	v( 3.288 0.5 -1 )
	v( 3.771 -1 -0.9 )
	v( 3.771 0.5 -1 )
	v( 5.053 1 -1 )
	v( 5.053 0.5 -1 )
	v( 5.535 1 -1 )
	v( 5.535 0.5 -1 )
	v( 5.053 -1 -0.9 )
	v( 5.053 0.5 -1 )
	v( 5.535 0.5 -1 )
	v( 5.535 -1 -0.9 )
	v( 7.5 1 -1 )
	v( 7.2 -1 -0.9 )
	v( 6.818 0.5 -1 )
	v( 7.2 -1 -0.9 )
	v( 6.818 -1 -0.9 )
	v( 6.818 0.5 -1 )
	v( -7.2 -1 0.9 )
	v( -7.5 1 1 )
	v( -7.5 1 -1 )
	v( -7.2 -1 -0.9 )
	v( 7.2 -1 -0.9 )
	v( 7.5 1 -1 )
	v( 7.5 1 1 )
	v( 7.2 -1 0.9 )
	v( -6.818 -1 0.9 )
	v( -7.2 -1 0.9 )
	v( -7.2 -1 -0.9 )
	v( -6.818 -1 -0.9 )
	v( -5.053 -1 0.9 )
	v( -5.535 -1 0.9 )
	v( -5.535 -1 -0.9 )
	v( -5.053 -1 -0.9 )
	v( -3.288 -1 0.9 )
	v( -3.771 -1 0.9 )
	v( -3.771 -1 -0.9 )
	v( -3.288 -1 -0.9 )
	v( -1.524 -1 0.9 )
	v( -2.006 -1 0.9 )
	v( -2.006 -1 -0.9 )
	v( -1.524 -1 -0.9 )
	v( 0.241 -1 0.9 )
	v( -0.241 -1 0.9 )
	v( -0.241 -1 -0.9 )
	v( 0.241 -1 -0.9 )
	v( 2.006 -1 0.9 )
	v( 1.524 -1 0.9 )
	v( 1.524 -1 -0.9 )
	v( 2.006 -1 -0.9 )
	v( 3.771 -1 0.9 )
	v( 3.288 -1 0.9 )
	v( 3.288 -1 -0.9 )
	v( 3.771 -1 -0.9 )
	v( 5.535 -1 0.9 )
	v( 5.053 -1 0.9 )
	v( 5.053 -1 -0.9 )
	v( 5.535 -1 -0.9 )
	v( 7.2 -1 0.9 )
	v( 6.818 -1 0.9 )
	v( 6.818 -1 -0.9 )
	v( 7.2 -1 -0.9 )
	n( 0 0 -1 )
	n( 0 0 -1 )
	n( 0 0 -1 )
	n( 0 0 -1 )
	n( 0 0 -1 )
	n( 0 0 -1 )
	n( 0 0 1 )
	n( 0 0 1 )
	n( 0 0 1 )
	n( 0 0 1 )
	n( 0 0 1 )
	n( 0 0 1 )
	n( -1 0 0 )
	n( -1 0 0 )
	n( -1 0 0 )
	n( -1 0 0 )
	n( 0 -1 0 )
	n( 0 -1 0 )
	n( 0 -1 0 )
	n( 0 -1 0 )
	n( 1 0 0 )
	n( 1 0 0 )
	n( 1 0 0 )
	n( 1 0 0 )
	n( -1 0 0 )
	n( -1 0 0 )
	n( -1 0 0 )
	n( -1 0 0 )
	n( 0 -1 0 )
	n( 0 -1 0 )
	n( 0 -1 0 )
	n( 0 -1 0 )
	n( 1 0 0 )
	n( 1 0 0 )
	n( 1 0 0 )
	n( 1 0 0 )
	n( -1 0 0 )
	n( -1 0 0 )
	n( -1 0 0 )
	n( -1 0 0 )
	n( 0 -1 0 )
	n( 0 -1 0 )
	n( 0 -1 0 )
	n( 0 -1 0 )
	n( 1 0 0 )
	n( 1 0 0 )
	n( 1 0 0 )
	n( 1 0 0 )
	n( -1 0 0 )
	n( -1 0 0 )
	n( -1 0 0 )
	n( -1 0 0 )
	n( 0 -1 0 )
	n( 0 -1 0 )
	n( 0 -1 0 )
	n( 0 -1 0 )
	n( 1 0 0 )
	n( 1 0 0 )
	n( 1 0 0 )
	n( 1 0 0 )
	n( -1 0 0 )
	n( -1 0 0 )
	n( -1 0 0 )
	n( -1 0 0 )
	n( 0 -1 0 )
	n( 0 -1 0 )
	n( 0 -1 0 )
	n( 0 -1 0 )
	n( 1 0 0 )
	n( 1 0 0 )
	n( 1 0 0 )
	n( 1 0 0 )
	n( -1 0 0 )
	n( -1 0 0 )
	n( -1 0 0 )
	n( -1 0 0 )
	n( 0 -1 0 )
	n( 0 -1 0 )
	n( 0 -1 0 )
	n( 0 -1 0 )
	n( 1 0 0 )
	n( 1 0 0 )
	n( 1 0 0 )
	n( 1 0 0 )
	n( -1 0 0 )
	n( -1 0 0 )
	n( -1 0 0 )
	n( -1 0 0 )
	n( 0 -1 0 )
	n( 0 -1 0 )
	n( 0 -1 0 )
	n( 0 -1 0 )
	n( 1 0 0 )
	n( 1 0 0 )
	n( 1 0 0 )
	n( 1 0 0 )
	n( -1 0 0 )
	n( -1 0 0 )
	n( -1 0 0 )
	n( -1 0 0 )
	n( 0 -1 0 )
	n( 0 -1 0 )
	n( 0 -1 0 )
	n( 0 -1 0 )
	n( 1 0 0 )
	n( 1 0 0 )
	n( 1 0 0 )
	n( 1 0 0 )
	n( -0.041 -0.056 0.998 )
	n( -0.041 -0.056 0.998 )
	n( -0.041 -0.056 0.998 )
	n( 0 -0.067 0.998 )
	n( 0 -0.067 0.998 )
	n( 0 -0.067 0.998 )
	n( 0 0 1 )
	n( 0 0 1 )
	n( 0 -0.067 0.998 )
	n( 0 -0.067 0.998 )
	n( 0 -0.067 0.998 )
	n( 0 -0.067 0.998 )
	n( 0 0 1 )
	n( 0 0 1 )
	n( 0 0 1 )
	n( 0 0 1 )
	n( 0 -0.067 0.998 )
	n( 0 -0.067 0.998 )
	n( 0 -0.067 0.998 )
	n( 0 -0.067 0.998 )
	n( 0 0 1 )
	n( 0 0 1 )
	n( 0 0 1 )
	n( 0 0 1 )
	n( 0 -0.067 0.998 )
	n( 0 -0.067 0.998 )
	n( 0 -0.067 0.998 )
	n( 0 -0.067 0.998 )
	n( 0 0 1 )
	n( 0 0 1 )
	n( 0 0 1 )
	n( 0 0 1 )
	n( 0 -0.067 0.998 )
	n( 0 -0.067 0.998 )
	n( 0 -0.067 0.998 )
	n( 0 -0.067 0.998 )
	n( 0 0 1 )
	n( 0 0 1 )
	n( 0 0 1 )
	n( 0 0 1 )
	n( 0 -0.067 0.998 )
	n( 0 -0.067 0.998 )
	n( 0 -0.067 0.998 )
	n( 0 -0.067 0.998 )
	n( 0 0 1 )
	n( 0 0 1 )
	n( 0 0 1 )
	n( 0 0 1 )
	n( 0 -0.067 0.998 )
	n( 0 -0.067 0.998 )
	n( 0 -0.067 0.998 )
	n( 0 -0.067 0.998 )
	n( 0 0 1 )
	n( 0 0 1 )
	n( 0 0 1 )
	n( 0 0 1 )
	n( 0 -0.067 0.998 )
	n( 0 -0.067 0.998 )
	n( 0 -0.067 0.998 )
	n( 0 -0.067 0.998 )
	n( 0 0 1 )
	n( 0 0 1 )
	n( 0 -0.067 0.998 )
	n( 0 -0.067 0.998 )
	n( 0 -0.067 0.998 )
	n( 0.041 -0.056 0.998 )
	n( 0.041 -0.056 0.998 )
	n( 0.041 -0.056 0.998 )
	n( -0.041 -0.056 -0.998 )
	n( -0.041 -0.056 -0.998 )
	n( -0.041 -0.056 -0.998 )
	n( 0 -0.067 -0.998 )
	n( 0 -0.067 -0.998 )
	n( 0 -0.067 -0.998 )
	n( 0 0 -1 )
	n( 0 0 -1 )
	n( 0 0 -1 )
	n( 0 0 -1 )
	n( 0 -0.067 -0.998 )
	n( 0 -0.067 -0.998 )
	n( 0 -0.067 -0.998 )
	n( 0 -0.067 -0.998 )
	n( 0 0 -1 )
	n( 0 0 -1 )
	n( 0 0 -1 )
	n( 0 0 -1 )
	n( 0 -0.067 -0.998 )
	n( 0 -0.067 -0.998 )
	n( 0 -0.067 -0.998 )
	n( 0 -0.067 -0.998 )
	n( 0 0 -1 )
	n( 0 0 -1 )
	n( 0 0 -1 )
	n( 0 0 -1 )
	n( 0 -0.067 -0.998 )
	n( 0 -0.067 -0.998 )
	n( 0 -0.067 -0.998 )
	n( 0 -0.067 -0.998 )
	n( 0 0 -1 )
	n( 0 0 -1 )
	n( 0 0 -1 )
	n( 0 0 -1 )
	n( 0 -0.067 -0.998 )
	n( 0 -0.067 -0.998 )
	n( 0 -0.067 -0.998 )
	n( 0 -0.067 -0.998 )
	n( 0 0 -1 )
	n( 0 0 -1 )
	n( 0 0 -1 )
	n( 0 0 -1 )
	n( 0 -0.067 -0.998 )
	n( 0 -0.067 -0.998 )
	n( 0 -0.067 -0.998 )
	n( 0 -0.067 -0.998 )
	n( 0 0 -1 )
	n( 0 0 -1 )
	n( 0 0 -1 )
	n( 0 0 -1 )
	n( 0 -0.067 -0.998 )
	n( 0 -0.067 -0.998 )
	n( 0 -0.067 -0.998 )
	n( 0 -0.067 -0.998 )
	n( 0 0 -1 )
	n( 0 0 -1 )
	n( 0 0 -1 )
	n( 0 0 -1 )
	n( 0 -0.067 -0.998 )
	n( 0 -0.067 -0.998 )
	n( 0 -0.067 -0.998 )
	n( 0 -0.067 -0.998 )
	n( 0.041 -0.056 -0.998 )
	n( 0.041 -0.056 -0.998 )
	n( 0.041 -0.056 -0.998 )
	n( 0 -0.067 -0.998 )
	n( 0 -0.067 -0.998 )
	n( 0 -0.067 -0.998 )
	n( -0.989 -0.148 0 )
	n( -0.989 -0.148 0 )
	n( -0.989 -0.148 0 )
	n( -0.989 -0.148 0 )
	n( 0.989 -0.148 0 )
	n( 0.989 -0.148 0 )
	n( 0.989 -0.148 0 )
	n( 0.989 -0.148 0 )
	n( 0 -1 0 )
	n( 0 -1 0 )
	n( 0 -1 0 )
	n( 0 -1 0 )
	n( 0 -1 0 )
	n( 0 -1 0 )
	n( 0 -1 0 )
	n( 0 -1 0 )
	n( 0 -1 0 )
	n( 0 -1 0 )
	n( 0 -1 0 )
	n( 0 -1 0 )
	n( 0 -1 0 )
	n( 0 -1 0 )
	n( 0 -1 0 )
	n( 0 -1 0 )
	n( 0 -1 0 )
	n( 0 -1 0 )
	n( 0 -1 0 )
	n( 0 -1 0 )
	n( 0 -1 0 )
	n( 0 -1 0 )
	n( 0 -1 0 )
	n( 0 -1 0 )
	n( 0 -1 0 )
	n( 0 -1 0 )
	n( 0 -1 0 )
	n( 0 -1 0 )
	n( 0 -1 0 )
	n( 0 -1 0 )
	n( 0 -1 0 )
	n( 0 -1 0 )
	n( 0 -1 0 )
	n( 0 -1 0 )
	n( 0 -1 0 )
	n( 0 -1 0 )
	ng( 1 )
	g( "null" )
	mt( "material/blackMetalShelf" )
	ni( 431 5 )
	i( 3 108 109 110 )
	i( 3 110 265 265 )
	i( 3 264 266 267 )
	i( 3 267 261 261 )
	i( 3 260 262 263 )
	i( 3 263 257 257 )
	i( 3 256 258 259 )
	i( 3 259 253 253 )
	i( 3 252 254 255 )
	i( 3 255 249 249 )
	i( 3 248 250 251 )
	i( 3 251 245 245 )
	i( 3 244 246 247 )
	i( 3 247 117 117 )
	i( 3 116 118 119 )
	i( 3 119 17 17 )
	i( 3 16 18 19 )
	i( 3 19 13 13 )
	i( 3 12 14 15 )
	i( 3 15 285 285 )
	i( 3 284 286 287 )
	i( 3 287 281 281 )
	i( 3 280 282 283 )
	i( 3 283 277 277 )
	i( 3 276 278 279 )
	i( 3 279 273 273 )
	i( 3 272 274 275 )
	i( 3 275 269 269 )
	i( 3 268 270 271 )
	i( 3 271 235 235 )
	i( 3 234 236 237 )
	i( 3 237 203 203 )
	i( 3 202 204 205 )
	i( 3 205 165 165 )
	i( 3 164 166 167 )
	i( 3 167 157 157 )
	i( 3 156 158 159 )
	i( 3 159 149 149 )
	i( 3 148 150 151 )
	i( 3 151 141 141 )
	i( 3 140 142 143 )
	i( 3 143 133 133 )
	i( 3 132 134 135 )
	i( 3 135 125 125 )
	i( 3 124 126 127 )
	i( 3 127 105 105 )
	i( 3 104 106 107 )
	i( 3 107 97 97 )
	i( 3 96 98 99 )
	i( 3 99 93 93 )
	i( 3 92 94 95 )
	i( 3 95 89 89 )
	i( 3 88 90 91 )
	i( 3 91 85 85 )
	i( 3 84 86 87 )
	i( 3 87 81 81 )
	i( 3 80 82 83 )
	i( 3 83 73 73 )
	i( 3 72 74 75 )
	i( 3 75 69 69 )
	i( 3 68 70 71 )
	i( 3 71 61 61 )
	i( 3 60 62 63 )
	i( 3 63 57 57 )
	i( 3 56 58 59 )
	i( 3 59 53 53 )
	i( 3 52 54 55 )
	i( 3 55 49 49 )
	i( 3 48 50 51 )
	i( 3 51 45 45 )
	i( 3 44 46 47 )
	i( 3 47 37 37 )
	i( 3 36 38 39 )
	i( 3 39 33 33 )
	i( 3 32 34 35 )
	i( 3 35 25 25 )
	i( 3 24 26 27 )
	i( 3 27 21 21 )
	i( 3 20 22 23 )
	i( 3 23 9 9 )
	i( 3 11 10 114 )
	i( 3 115 114 120 )
	i( 3 121 122 123 )
	i( 3 128 129 130 )
	i( 3 130 129 129 )
	i( 3 130 131 136 )
	i( 3 137 138 139 )
	i( 3 144 145 146 )
	i( 3 147 152 152 )
	i( 3 147 147 152 )
	i( 3 153 154 155 )
	i( 3 160 161 162 )
	i( 3 163 168 169 )
	i( 3 7 6 8 )
	i( 3 8 241 241 )
	i( 3 242 243 243 )
	i( 3 1 1 1 )
	i( 3 2 0 233 )
	i( 3 232 231 230 )
	i( 3 225 224 223 )
	i( 3 222 217 217 )
	i( 3 222 222 217 )
	i( 3 216 214 215 )
	i( 3 214 209 208 )
	i( 3 207 206 200 )
	i( 3 201 200 199 )
	i( 3 199 200 200 )
	i( 3 199 198 192 )
	i( 3 193 192 191 )
	i( 3 190 185 184 )
	i( 3 183 182 4 )
	i( 3 5 3 3 )
	i( 3 238 238 238 )
	i( 3 239 240 240 )
	i( 3 28 28 28 )
	i( 3 29 30 31 )
	i( 3 31 40 40 )
	i( 3 41 42 43 )
	i( 3 43 64 64 )
	i( 3 65 66 67 )
	i( 3 67 76 76 )
	i( 3 77 78 79 )
	i( 3 79 100 100 )
	i( 3 101 102 103 )
	i( 3 103 194 194 )
	i( 3 195 196 197 )
	i( 3 197 210 210 )
	i( 3 211 212 213 )
	i( 3 213 218 218 )
	i( 3 219 220 221 )
	i( 3 221 226 226 )
	i( 3 227 228 229 )
	i( 3 229 111 111 )
	i( 3 112 113 113 )
	i( 3 186 186 186 )
	i( 3 187 188 189 )
	i( 3 189 179 179 )
	i( 3 180 181 181 )
	i( 3 170 170 170 )
	i( 3 171 172 172 )
	i( 3 176 176 176 )
	i( 3 177 178 178 )
	i( 3 173 173 173 )
	i( 2 174 175 )
}
