object( "object/rug" )
{
	l( 0.146 -0.34 -0.207 )
	ra( 2.864 )
	di( 1.884 2.157 0.005 )
	vb( 4096 1536 0 3072 0 )
	v( 1.346 -2.157 0.005 )
	v( 1.346 -2.157 -0.005 )
	v( 1.884 -2.157 0.005 )
	v( 1.884 -2.157 -0.005 )
	v( 0.808 -2.157 0.005 )
	v( 0.808 -2.157 -0.005 )
	v( 0.269 -2.157 0.005 )
	v( 0.269 -2.157 -0.005 )
	v( -0.269 -2.157 0.005 )
	v( -0.269 -2.157 -0.005 )
	v( -0.808 -2.157 0.005 )
	v( -0.808 -2.157 -0.005 )
	v( -1.346 -2.157 0.005 )
	v( -1.346 -2.157 -0.005 )
	v( -1.884 -2.157 0.005 )
	v( -1.884 -2.157 -0.005 )
	v( 1.884 2.157 0.005 )
	v( 1.884 2.157 -0.005 )
	v( 1.346 2.157 0.005 )
	v( 1.346 2.157 -0.005 )
	v( 0.808 2.157 -0.005 )
	v( 0.808 2.157 0.005 )
	v( 0.269 2.157 -0.005 )
	v( 0.269 2.157 0.005 )
	v( -0.269 2.157 -0.005 )
	v( -0.269 2.157 0.005 )
	v( -0.808 2.157 -0.005 )
	v( -0.808 2.157 0.005 )
	v( -1.346 2.157 -0.005 )
	v( -1.346 2.157 0.005 )
	v( -1.884 2.157 -0.005 )
	v( -1.884 2.157 0.005 )
	v( 1.884 2.157 -0.005 )
	v( 1.884 2.157 0.005 )
	v( 1.884 1.541 -0.005 )
	v( 1.884 1.541 0.005 )
	v( 1.884 0.925 0.005 )
	v( 1.884 0.925 -0.005 )
	v( 1.884 0.308 0.005 )
	v( 1.884 0.308 -0.005 )
	v( 1.884 -0.308 0.005 )
	v( 1.884 -0.308 -0.005 )
	v( 1.884 -0.925 0.005 )
	v( 1.884 -0.925 -0.005 )
	v( 1.884 -1.541 0.005 )
	v( 1.884 -1.541 -0.005 )
	v( 1.884 -2.157 0.005 )
	v( 1.884 -2.157 -0.005 )
	v( -1.884 -1.541 0.005 )
	v( -1.884 -1.541 -0.005 )
	v( -1.884 -2.157 0.005 )
	v( -1.884 -2.157 -0.005 )
	v( -1.884 -0.925 0.005 )
	v( -1.884 -0.925 -0.005 )
	v( -1.884 -0.308 0.005 )
	v( -1.884 -0.308 -0.005 )
	v( -1.884 0.308 0.005 )
	v( -1.884 0.308 -0.005 )
	v( -1.884 0.925 0.005 )
	v( -1.884 0.925 -0.005 )
	v( -1.884 1.541 0.005 )
	v( -1.884 1.541 -0.005 )
	v( -1.884 2.157 0.005 )
	v( -1.884 2.157 -0.005 )
	v( -1.346 -1.541 0.005 )
	v( -1.884 -1.541 0.005 )
	v( -1.884 -2.157 0.005 )
	v( -1.346 -2.157 0.005 )
	v( -1.346 -0.925 0.005 )
	v( -1.884 -0.925 0.005 )
	v( -1.346 -0.308 0.005 )
	v( -1.884 -0.308 0.005 )
	v( -1.346 0.308 0.005 )
	v( -1.884 0.308 0.005 )
	v( -1.346 0.925 0.005 )
	v( -1.884 0.925 0.005 )
	v( -1.346 1.541 0.005 )
	v( -1.884 1.541 0.005 )
	v( -1.346 2.157 0.005 )
	v( -1.884 2.157 0.005 )
	v( -0.808 -2.157 0.005 )
	v( -0.808 -1.541 0.005 )
	v( -0.808 -0.925 0.005 )
	v( -0.808 -0.308 0.005 )
	v( -0.808 0.308 0.005 )
	v( -0.808 0.925 0.005 )
	v( -0.808 1.541 0.005 )
	v( -0.808 2.157 0.005 )
	v( -0.269 -2.157 0.005 )
	v( -0.269 -1.541 0.005 )
	v( -0.269 -0.925 0.005 )
	v( -0.269 -0.308 0.005 )
	v( -0.269 0.308 0.005 )
	v( -0.269 0.925 0.005 )
	v( -0.269 1.541 0.005 )
	v( -0.269 2.157 0.005 )
	v( 0.269 -2.157 0.005 )
	v( 0.269 -1.541 0.005 )
	v( 0.269 -0.925 0.005 )
	v( 0.269 -0.308 0.005 )
	v( 0.269 0.308 0.005 )
	v( 0.269 0.925 0.005 )
	v( 0.269 1.541 0.005 )
	v( 0.269 2.157 0.005 )
	v( 0.808 -1.541 0.005 )
	v( 0.808 -2.157 0.005 )
	v( 0.808 -0.925 0.005 )
	v( 0.808 -0.308 0.005 )
	v( 0.808 0.308 0.005 )
	v( 0.808 0.925 0.005 )
	v( 0.808 1.541 0.005 )
	v( 0.808 2.157 0.005 )
	v( 1.346 -1.541 0.005 )
	v( 1.346 -2.157 0.005 )
	v( 1.346 -0.925 0.005 )
	v( 1.346 -0.308 0.005 )
	v( 1.346 0.308 0.005 )
	v( 1.346 0.925 0.005 )
	v( 1.346 1.541 0.005 )
	v( 1.346 2.157 0.005 )
	v( 1.884 -1.541 0.005 )
	v( 1.884 -2.157 0.005 )
	v( 1.884 -0.925 0.005 )
	v( 1.884 -0.308 0.005 )
	v( 1.884 0.308 0.005 )
	v( 1.884 0.925 0.005 )
	v( 1.884 1.541 0.005 )
	v( 1.884 2.157 0.005 )
	n( 0 -1 0 )
	n( 0 -1 0 )
	n( 0 -1 0 )
	n( 0 -1 0 )
	n( 0 -1 0 )
	n( 0 -1 0 )
	n( 0 -1 0 )
	n( 0 -1 0 )
	n( 0 -1 0 )
	n( 0 -1 0 )
	n( 0 -1 0 )
	n( 0 -1 0 )
	n( 0 -1 0 )
	n( 0 -1 0 )
	n( 0 -1 0 )
	n( 0 -1 0 )
	n( 0 1 0 )
	n( 0 1 0 )
	n( 0 1 0 )
	n( 0 1 0 )
	n( 0 1 0 )
	n( 0 1 0 )
	n( 0 1 0 )
	n( 0 1 0 )
	n( 0 1 0 )
	n( 0 1 0 )
	n( 0 1 0 )
	n( 0 1 0 )
	n( 0 1 0 )
	n( 0 1 0 )
	n( 0 1 0 )
	n( 0 1 0 )
	n( 1 0 0 )
	n( 1 0 0 )
	n( 1 0 0 )
	n( 1 0 0 )
	n( 1 0 0 )
	n( 1 0 0 )
	n( 1 0 0 )
	n( 1 0 0 )
	n( 1 0 0 )
	n( 1 0 0 )
	n( 1 0 0 )
	n( 1 0 0 )
	n( 1 0 0 )
	n( 1 0 0 )
	n( 1 0 0 )
	n( 1 0 0 )
	n( -1 0 0 )
	n( -1 0 0 )
	n( -1 0 0 )
	n( -1 0 0 )
	n( -1 0 0 )
	n( -1 0 0 )
	n( -1 0 0 )
	n( -1 0 0 )
	n( -1 0 0 )
	n( -1 0 0 )
	n( -1 0 0 )
	n( -1 0 0 )
	n( -1 0 0 )
	n( -1 0 0 )
	n( -1 0 0 )
	n( -1 0 0 )
	n( 0 0 1 )
	n( 0 0 1 )
	n( 0 0 1 )
	n( 0 0 1 )
	n( 0 0 1 )
	n( 0 0 1 )
	n( 0 0 1 )
	n( 0 0 1 )
	n( 0 0 1 )
	n( 0 0 1 )
	n( 0 0 1 )
	n( 0 0 1 )
	n( 0 0 1 )
	n( 0 0 1 )
	n( 0 0 1 )
	n( 0 0 1 )
	n( 0 0 1 )
	n( 0 0 1 )
	n( 0 0 1 )
	n( 0 0 1 )
	n( 0 0 1 )
	n( 0 0 1 )
	n( 0 0 1 )
	n( 0 0 1 )
	n( 0 0 1 )
	n( 0 0 1 )
	n( 0 0 1 )
	n( 0 0 1 )
	n( 0 0 1 )
	n( 0 0 1 )
	n( 0 0 1 )
	n( 0 0 1 )
	n( 0 0 1 )
	n( 0 0 1 )
	n( 0 0 1 )
	n( 0 0 1 )
	n( 0 0 1 )
	n( 0 0 1 )
	n( 0 0 1 )
	n( 0 0 1 )
	n( 0 0 1 )
	n( 0 0 1 )
	n( 0 0 1 )
	n( 0 0 1 )
	n( 0 0 1 )
	n( 0 0 1 )
	n( 0 0 1 )
	n( 0 0 1 )
	n( 0 0 1 )
	n( 0 0 1 )
	n( 0 0 1 )
	n( 0 0 1 )
	n( 0 0 1 )
	n( 0 0 1 )
	n( 0 0 1 )
	n( 0 0 1 )
	n( 0 0 1 )
	n( 0 0 1 )
	n( 0 0 1 )
	n( 0 0 1 )
	n( 0 0 1 )
	n( 0 0 1 )
	n( 0 0 1 )
	n( 0 0 1 )
	u0( 0.857 1 )
	u0( 0.857 1 )
	u0( 1 1 )
	u0( 1 1 )
	u0( 0.714 1 )
	u0( 0.714 1 )
	u0( 0.571 1 )
	u0( 0.571 1 )
	u0( 0.429 1 )
	u0( 0.429 1 )
	u0( 0.286 1 )
	u0( 0.286 1 )
	u0( 0.143 1 )
	u0( 0.143 1 )
	u0( 0 1 )
	u0( 0 1 )
	u0( 1 0 )
	u0( 1 0 )
	u0( 0.857 0 )
	u0( 0.857 0 )
	u0( 0.714 0 )
	u0( 0.714 0 )
	u0( 0.571 0 )
	u0( 0.571 0 )
	u0( 0.429 0 )
	u0( 0.429 0 )
	u0( 0.286 0 )
	u0( 0.286 0 )
	u0( 0.143 0 )
	u0( 0.143 0 )
	u0( 0 0 )
	u0( 0 0 )
	u0( 1 0 )
	u0( 1 0 )
	u0( 1 0.143 )
	u0( 1 0.143 )
	u0( 1 0.286 )
	u0( 1 0.286 )
	u0( 1 0.429 )
	u0( 1 0.429 )
	u0( 1 0.571 )
	u0( 1 0.571 )
	u0( 1 0.714 )
	u0( 1 0.714 )
	u0( 1 0.857 )
	u0( 1 0.857 )
	u0( 1 1 )
	u0( 1 1 )
	u0( 0 0.857 )
	u0( 0 0.857 )
	u0( 0 1 )
	u0( 0 1 )
	u0( 0 0.714 )
	u0( 0 0.714 )
	u0( 0 0.571 )
	u0( 0 0.571 )
	u0( 0 0.429 )
	u0( 0 0.429 )
	u0( 0 0.286 )
	u0( 0 0.286 )
	u0( 0 0.143 )
	u0( 0 0.143 )
	u0( 0 0 )
	u0( 0 0 )
	u0( 0.143 0.857 )
	u0( 0 0.857 )
	u0( 0 1 )
	u0( 0.143 1 )
	u0( 0.143 0.714 )
	u0( 0 0.714 )
	u0( 0.143 0.571 )
	u0( 0 0.571 )
	u0( 0.143 0.429 )
	u0( 0 0.429 )
	u0( 0.143 0.286 )
	u0( 0 0.286 )
	u0( 0.143 0.143 )
	u0( 0 0.143 )
	u0( 0.143 0 )
	u0( 0 0 )
	u0( 0.286 1 )
	u0( 0.286 0.857 )
	u0( 0.286 0.714 )
	u0( 0.286 0.571 )
	u0( 0.286 0.429 )
	u0( 0.286 0.286 )
	u0( 0.286 0.143 )
	u0( 0.286 0 )
	u0( 0.429 1 )
	u0( 0.429 0.857 )
	u0( 0.429 0.714 )
	u0( 0.429 0.571 )
	u0( 0.429 0.429 )
	u0( 0.429 0.286 )
	u0( 0.429 0.143 )
	u0( 0.429 0 )
	u0( 0.571 1 )
	u0( 0.571 0.857 )
	u0( 0.571 0.714 )
	u0( 0.571 0.571 )
	u0( 0.571 0.429 )
	u0( 0.571 0.286 )
	u0( 0.571 0.143 )
	u0( 0.571 0 )
	u0( 0.714 0.857 )
	u0( 0.714 1 )
	u0( 0.714 0.714 )
	u0( 0.714 0.571 )
	u0( 0.714 0.429 )
	u0( 0.714 0.286 )
	u0( 0.714 0.143 )
	u0( 0.714 0 )
	u0( 0.857 0.857 )
	u0( 0.857 1 )
	u0( 0.857 0.714 )
	u0( 0.857 0.571 )
	u0( 0.857 0.429 )
	u0( 0.857 0.286 )
	u0( 0.857 0.143 )
	u0( 0.857 0 )
	u0( 1 0.857 )
	u0( 1 1 )
	u0( 1 0.714 )
	u0( 1 0.571 )
	u0( 1 0.429 )
	u0( 1 0.286 )
	u0( 1 0.143 )
	u0( 1 0 )
	ng( 1 )
	g( "null" )
	mt( "material/rug" )
	ni( 258 5 )
	i( 3 78 79 77 )
	i( 3 77 72 72 )
	i( 3 75 74 77 )
	i( 3 76 78 86 )
	i( 3 87 86 95 )
	i( 3 94 102 101 )
	i( 3 101 108 108 )
	i( 3 109 100 101 )
	i( 3 93 94 85 )
	i( 3 86 85 76 )
	i( 3 85 74 84 )
	i( 3 72 72 93 )
	i( 3 93 92 100 )
	i( 3 99 108 107 )
	i( 3 116 115 124 )
	i( 3 115 123 115 )
	i( 3 122 114 114 )
	i( 3 98 98 97 )
	i( 3 106 104 106 )
	i( 3 114 106 115 )
	i( 3 106 107 98 )
	i( 3 99 91 92 )
	i( 3 83 92 84 )
	i( 3 93 85 85 )
	i( 3 98 98 90 )
	i( 3 91 82 83 )
	i( 3 83 72 72 )
	i( 3 72 84 70 )
	i( 3 83 68 82 )
	i( 3 64 82 81 )
	i( 3 90 89 98 )
	i( 3 97 97 81 )
	i( 3 81 81 67 )
	i( 3 64 66 64 )
	i( 3 65 64 69 )
	i( 3 68 71 70 )
	i( 3 73 72 75 )
	i( 3 75 122 122 )
	i( 3 122 114 112 )
	i( 3 104 105 104 )
	i( 3 96 97 88 )
	i( 3 89 80 81 )
	i( 3 67 67 105 )
	i( 3 105 112 113 )
	i( 3 112 121 112 )
	i( 3 120 122 122 )
	i( 3 52 52 52 )
	i( 3 53 48 49 )
	i( 3 50 51 51 )
	i( 3 63 63 63 )
	i( 3 62 61 60 )
	i( 3 59 58 57 )
	i( 3 56 55 54 )
	i( 3 53 52 52 )
	i( 3 43 43 43 )
	i( 3 42 45 44 )
	i( 3 47 46 46 )
	i( 3 32 32 33 )
	i( 3 34 35 37 )
	i( 3 36 39 38 )
	i( 3 41 40 43 )
	i( 3 42 42 16 )
	i( 3 16 17 18 )
	i( 3 19 21 20 )
	i( 3 23 22 25 )
	i( 3 24 25 26 )
	i( 3 27 27 26 )
	i( 3 26 27 28 )
	i( 3 29 30 31 )
	i( 3 31 95 95 )
	i( 3 103 102 111 )
	i( 3 110 119 118 )
	i( 3 127 126 126 )
	i( 3 102 102 101 )
	i( 3 110 109 118 )
	i( 3 117 126 117 )
	i( 3 125 117 124 )
	i( 3 117 116 117 )
	i( 3 108 109 109 )
	i( 3 11 11 10 )
	i( 3 13 12 15 )
	i( 3 14 14 3 )
	i( 3 3 2 1 )
	i( 3 0 5 4 )
	i( 3 7 6 9 )
	i( 3 8 11 10 )
}
