object( "object/sceneWorld" )
{
	l( 0.194 -0.985 1.68 )
	ra( 7.635 )
	di( 3.705 6.4 1.9 )
	displayName( "World" )
	sceneLogic( "ZASceneLogic_MainMenu" )
	ambientSound( "track0.ogg" )
	vb( 31008 11628 0 23256 0 )
	v( 3.705 0.3 1.9 )
	v( 3.705 2.125 1.9 )
	v( 3.705 0.3 1.425 )
	v( 3.705 3.55 1.9 )
	v( 3.705 5.375 1.9 )
	v( 3.705 5.375 1.425 )
	v( 3.705 2.125 1.9 )
	v( 3.705 1.619 1.516 )
	v( 3.705 2.838 1.548 )
	v( 3.705 1.619 1.516 )
	v( 3.705 2.125 1.9 )
	v( 3.705 5.375 1.425 )
	v( 3.705 4.056 1.516 )
	v( 3.705 4.056 1.516 )
	v( 3.705 2.838 1.548 )
	v( 3.705 -5 1.9 )
	v( 2.779 -5 1.9 )
	v( 2.779 -3.575 1.9 )
	v( 2.779 -3.575 1.9 )
	v( 3.705 -3.575 1.9 )
	v( 3.705 -3.575 1.9 )
	v( 2.779 -2.15 1.9 )
	v( 2.779 -2.15 1.9 )
	v( 3.705 -2.15 1.9 )
	v( 2.779 -5 1.9 )
	v( 1.852 -5 1.9 )
	v( 1.852 -3.575 1.9 )
	v( 1.852 -3.575 1.9 )
	v( 2.779 -3.575 1.9 )
	v( 1.852 -2.15 1.9 )
	v( 1.852 -2.15 1.9 )
	v( 3.705 -2.15 1.9 )
	v( 2.779 -0.725 1.9 )
	v( 2.779 -0.725 1.9 )
	v( 3.705 -0.725 1.9 )
	v( 3.705 -0.725 1.9 )
	v( 2.779 0.3 1.9 )
	v( 2.779 0.3 1.9 )
	v( 3.705 0.3 1.9 )
	v( 2.779 -2.15 1.9 )
	v( 1.852 -0.725 1.9 )
	v( 1.852 -0.725 1.9 )
	v( 2.779 -0.725 1.9 )
	v( 1.852 0.3 1.9 )
	v( 1.852 0.3 1.9 )
	v( 1.852 -5 1.9 )
	v( 0.926 -5 1.9 )
	v( 0.926 -3.575 1.9 )
	v( 0.926 -3.575 1.9 )
	v( 1.852 -3.575 1.9 )
	v( 0.926 -2.15 1.9 )
	v( 0.926 -2.15 1.9 )
	v( 0.926 -5 1.9 )
	v( 0 -5 1.9 )
	v( 0 -3.575 1.9 )
	v( 0 -3.575 1.9 )
	v( 0.926 -3.575 1.9 )
	v( 0 -2.15 1.9 )
	v( 0 -2.15 1.9 )
	v( 1.852 -2.15 1.9 )
	v( 0.926 -0.725 1.9 )
	v( 0.926 -0.725 1.9 )
	v( 1.852 -0.725 1.9 )
	v( 0.926 0.3 1.9 )
	v( 0.926 0.3 1.9 )
	v( 0.926 -2.15 1.9 )
	v( 0 -0.725 1.9 )
	v( 0 -0.725 1.9 )
	v( 0.926 -0.725 1.9 )
	v( 0 0.3 1.9 )
	v( 0 0.3 1.9 )
	v( 3.705 0.3 1.9 )
	v( 2.779 2.125 1.9 )
	v( 2.779 2.125 1.9 )
	v( 3.705 2.125 1.9 )
	v( 3.705 2.125 1.9 )
	v( 2.779 3.55 1.9 )
	v( 2.779 3.55 1.9 )
	v( 3.705 3.55 1.9 )
	v( 2.779 0.3 1.9 )
	v( 1.852 2.125 1.9 )
	v( 1.852 2.125 1.9 )
	v( 2.779 2.125 1.9 )
	v( 1.852 3.55 1.9 )
	v( 1.852 3.55 1.9 )
	v( 3.705 3.55 1.9 )
	v( 2.779 5.375 1.9 )
	v( 2.779 5.375 1.9 )
	v( 3.705 5.375 1.9 )
	v( 3.705 5.375 1.9 )
	v( 2.779 6.4 1.9 )
	v( 2.779 6.4 1.9 )
	v( 3.705 6.4 1.9 )
	v( 2.779 3.55 1.9 )
	v( 1.852 5.375 1.9 )
	v( 1.852 5.375 1.9 )
	v( 2.779 5.375 1.9 )
	v( 1.852 6.4 1.9 )
	v( 1.852 6.4 1.9 )
	v( 1.852 0.3 1.9 )
	v( 0.926 2.125 1.9 )
	v( 0.926 2.125 1.9 )
	v( 1.852 2.125 1.9 )
	v( 0.926 3.55 1.9 )
	v( 0.926 3.55 1.9 )
	v( 0.926 0.3 1.9 )
	v( 0 2.125 1.9 )
	v( 0 2.125 1.9 )
	v( 0.926 2.125 1.9 )
	v( 0 3.55 1.9 )
	v( 0 3.55 1.9 )
	v( 1.852 3.55 1.9 )
	v( 0.926 5.375 1.9 )
	v( 0.926 5.375 1.9 )
	v( 1.852 5.375 1.9 )
	v( 0.926 6.4 1.9 )
	v( 0.926 6.4 1.9 )
	v( 0.926 3.55 1.9 )
	v( 0 5.375 1.9 )
	v( 0 5.375 1.9 )
	v( 0.926 5.375 1.9 )
	v( 0 6.4 1.9 )
	v( 0 6.4 1.9 )
	v( 0 -5 1.9 )
	v( -0.926 -5 1.9 )
	v( -0.926 -3.575 1.9 )
	v( -0.926 -3.575 1.9 )
	v( 0 -3.575 1.9 )
	v( -0.926 -2.15 1.9 )
	v( -0.926 -2.15 1.9 )
	v( -0.926 -5 1.9 )
	v( -1.852 -5 1.9 )
	v( -1.852 -3.575 1.9 )
	v( -1.852 -3.575 1.9 )
	v( -0.926 -3.575 1.9 )
	v( -1.852 -2.15 1.9 )
	v( -1.852 -2.15 1.9 )
	v( 0 -2.15 1.9 )
	v( -0.926 -0.725 1.9 )
	v( -0.926 -0.725 1.9 )
	v( 0 -0.725 1.9 )
	v( -0.926 0.3 1.9 )
	v( -0.926 0.3 1.9 )
	v( -0.926 -2.15 1.9 )
	v( -1.852 -0.725 1.9 )
	v( -1.852 -0.725 1.9 )
	v( -0.926 -0.725 1.9 )
	v( -1.852 0.3 1.9 )
	v( -1.852 0.3 1.9 )
	v( -1.852 -5 1.9 )
	v( -2.779 -5 1.9 )
	v( -2.779 -3.575 1.9 )
	v( -2.779 -3.575 1.9 )
	v( -1.852 -3.575 1.9 )
	v( -2.779 -2.15 1.9 )
	v( -2.779 -2.15 1.9 )
	v( -2.779 -5 1.9 )
	v( -3.705 -5 1.9 )
	v( -3.705 -3.575 1.9 )
	v( -3.705 -3.575 1.9 )
	v( -2.779 -3.575 1.9 )
	v( -3.705 -2.15 1.9 )
	v( -3.705 -2.15 1.9 )
	v( -1.852 -2.15 1.9 )
	v( -2.779 -0.725 1.9 )
	v( -2.779 -0.725 1.9 )
	v( -1.852 -0.725 1.9 )
	v( -2.779 0.3 1.9 )
	v( -2.779 0.3 1.9 )
	v( -2.779 -2.15 1.9 )
	v( -3.705 -0.725 1.9 )
	v( -3.705 -0.725 1.9 )
	v( -2.779 -0.725 1.9 )
	v( -3.705 0.3 1.9 )
	v( -3.705 0.3 1.9 )
	v( 0 0.3 1.9 )
	v( -0.926 2.125 1.9 )
	v( -0.926 2.125 1.9 )
	v( 0 2.125 1.9 )
	v( -0.926 3.55 1.9 )
	v( -0.926 3.55 1.9 )
	v( -0.926 0.3 1.9 )
	v( -1.852 2.125 1.9 )
	v( -1.852 2.125 1.9 )
	v( -0.926 2.125 1.9 )
	v( -1.852 3.55 1.9 )
	v( -1.852 3.55 1.9 )
	v( 0 3.55 1.9 )
	v( -0.926 5.375 1.9 )
	v( -0.926 5.375 1.9 )
	v( 0 5.375 1.9 )
	v( -0.926 6.4 1.9 )
	v( -0.926 6.4 1.9 )
	v( -0.926 3.55 1.9 )
	v( -1.852 5.375 1.9 )
	v( -1.852 5.375 1.9 )
	v( -0.926 5.375 1.9 )
	v( -1.852 6.4 1.9 )
	v( -1.852 6.4 1.9 )
	v( -1.852 0.3 1.9 )
	v( -2.779 2.125 1.9 )
	v( -2.779 2.125 1.9 )
	v( -1.852 2.125 1.9 )
	v( -2.779 3.55 1.9 )
	v( -2.779 3.55 1.9 )
	v( -2.779 0.3 1.9 )
	v( -3.705 2.125 1.9 )
	v( -3.705 2.125 1.9 )
	v( -2.779 2.125 1.9 )
	v( -3.705 3.55 1.9 )
	v( -3.705 3.55 1.9 )
	v( -1.852 3.55 1.9 )
	v( -2.779 5.375 1.9 )
	v( -2.779 5.375 1.9 )
	v( -1.852 5.375 1.9 )
	v( -2.779 6.4 1.9 )
	v( -2.779 6.4 1.9 )
	v( -2.779 3.55 1.9 )
	v( -3.705 5.375 1.9 )
	v( -3.705 5.375 1.9 )
	v( -2.779 5.375 1.9 )
	v( -3.705 6.4 1.9 )
	v( -3.705 6.4 1.9 )
	v( 3.705 -5 -1.9 )
	v( 3.705 -5 -1.425 )
	v( 3.705 -3.575 -1.425 )
	v( 3.705 -3.575 -1.425 )
	v( 3.705 -3.575 -1.9 )
	v( 3.705 -3.575 -1.9 )
	v( 3.705 -2.15 -1.425 )
	v( 3.705 -2.15 -1.425 )
	v( 3.705 -2.15 -1.9 )
	v( 3.705 -5 -1.425 )
	v( 3.705 -5 -0.95 )
	v( 3.705 -3.575 -0.95 )
	v( 3.705 -3.575 -0.95 )
	v( 3.705 -3.575 -1.425 )
	v( 3.705 -2.15 -0.95 )
	v( 3.705 -2.15 -0.95 )
	v( 3.705 -2.15 -1.9 )
	v( 3.705 -0.725 -1.425 )
	v( 3.705 -0.725 -1.425 )
	v( 3.705 -0.725 -1.9 )
	v( 3.705 -0.725 -1.9 )
	v( 3.705 0.3 -1.425 )
	v( 3.705 0.3 -1.425 )
	v( 3.705 0.3 -1.9 )
	v( 3.705 -2.15 -1.425 )
	v( 3.705 -0.725 -0.95 )
	v( 3.705 -0.725 -0.95 )
	v( 3.705 -0.725 -1.425 )
	v( 3.705 0.3 -0.95 )
	v( 3.705 0.3 -0.95 )
	v( 3.705 -5 -0.95 )
	v( 3.705 -5 -0.475 )
	v( 3.705 -3.575 -0.475 )
	v( 3.705 -3.575 -0.475 )
	v( 3.705 -3.575 -0.95 )
	v( 3.705 -2.15 -0.475 )
	v( 3.705 -2.15 -0.475 )
	v( 3.705 -5 -0.475 )
	v( 3.705 -5 0 )
	v( 3.705 -3.575 0 )
	v( 3.705 -3.575 0 )
	v( 3.705 -3.575 -0.475 )
	v( 3.705 -2.15 0 )
	v( 3.705 -2.15 0 )
	v( 3.705 -2.15 -0.95 )
	v( 3.705 -0.725 -0.475 )
	v( 3.705 -0.725 -0.475 )
	v( 3.705 -0.725 -0.95 )
	v( 3.705 0.3 -0.475 )
	v( 3.705 0.3 -0.475 )
	v( 3.705 -2.15 -0.475 )
	v( 3.705 -0.725 0 )
	v( 3.705 -0.725 0 )
	v( 3.705 -0.725 -0.475 )
	v( 3.705 0.3 0 )
	v( 3.705 0.3 0 )
	v( 3.705 0.3 -1.9 )
	v( 3.705 2.125 -1.425 )
	v( 3.705 2.125 -1.425 )
	v( 3.705 2.125 -1.9 )
	v( 3.705 2.125 -1.9 )
	v( 3.705 3.55 -1.425 )
	v( 3.705 3.55 -1.425 )
	v( 3.705 3.55 -1.9 )
	v( 3.705 0.3 -1.425 )
	v( 3.705 2.125 -0.95 )
	v( 3.705 2.125 -0.95 )
	v( 3.705 2.125 -1.425 )
	v( 3.705 3.55 -0.95 )
	v( 3.705 3.55 -0.95 )
	v( 3.705 3.55 -1.9 )
	v( 3.705 5.375 -1.425 )
	v( 3.705 5.375 -1.425 )
	v( 3.705 5.375 -1.9 )
	v( 3.705 6.4 -1.425 )
	v( 3.705 6.4 -1.9 )
	v( 3.705 5.375 -1.9 )
	v( 3.705 3.55 -1.425 )
	v( 3.705 5.375 -0.95 )
	v( 3.705 5.375 -0.95 )
	v( 3.705 5.375 -1.425 )
	v( 3.705 6.4 -0.95 )
	v( 3.705 6.4 -0.95 )
	v( 3.705 6.4 -1.425 )
	v( 3.705 5.375 -0.95 )
	v( 3.705 5.375 -0.475 )
	v( 3.705 6.4 -0.475 )
	v( 3.705 6.4 -0.475 )
	v( 3.705 5.375 -0.475 )
	v( 3.705 5.375 0 )
	v( 3.705 6.4 0 )
	v( 3.705 6.4 0 )
	v( 3.705 -5 0 )
	v( 3.705 -5 0.475 )
	v( 3.705 -3.575 0.475 )
	v( 3.705 -3.575 0.475 )
	v( 3.705 -3.575 0 )
	v( 3.705 -2.15 0.475 )
	v( 3.705 -2.15 0.475 )
	v( 3.705 -5 0.475 )
	v( 3.705 -5 0.95 )
	v( 3.705 -3.575 0.95 )
	v( 3.705 -3.575 0.95 )
	v( 3.705 -3.575 0.475 )
	v( 3.705 -2.15 0.95 )
	v( 3.705 -2.15 0.95 )
	v( 3.705 -2.15 0 )
	v( 3.705 -0.725 0.475 )
	v( 3.705 -0.725 0.475 )
	v( 3.705 -0.725 0 )
	v( 3.705 0.3 0.475 )
	v( 3.705 0.3 0.475 )
	v( 3.705 -2.15 0.475 )
	v( 3.705 -0.725 0.95 )
	v( 3.705 -0.725 0.95 )
	v( 3.705 -0.725 0.475 )
	v( 3.705 0.3 0.95 )
	v( 3.705 0.3 0.95 )
	v( 3.705 -5 0.95 )
	v( 3.705 -5 1.425 )
	v( 3.705 -3.575 1.425 )
	v( 3.705 -3.575 1.425 )
	v( 3.705 -3.575 0.95 )
	v( 3.705 -2.15 1.425 )
	v( 3.705 -2.15 1.425 )
	v( 3.705 -5 1.425 )
	v( 3.705 -5 1.9 )
	v( 3.705 -3.575 1.9 )
	v( 3.705 -3.575 1.9 )
	v( 3.705 -3.575 1.425 )
	v( 3.705 -2.15 1.9 )
	v( 3.705 -2.15 1.9 )
	v( 3.705 -2.15 0.95 )
	v( 3.705 -0.725 1.425 )
	v( 3.705 -0.725 1.425 )
	v( 3.705 -0.725 0.95 )
	v( 3.705 0.3 1.425 )
	v( 3.705 -2.15 1.425 )
	v( 3.705 -0.725 1.9 )
	v( 3.705 -0.725 1.9 )
	v( 3.705 -0.725 1.425 )
	v( 3.705 0.3 1.9 )
	v( 3.705 0.3 1.9 )
	v( 3.705 5.375 0 )
	v( 3.705 5.375 0.475 )
	v( 3.705 6.4 0.475 )
	v( 3.705 6.4 0.475 )
	v( 3.705 5.375 0.475 )
	v( 3.705 5.375 0.95 )
	v( 3.705 6.4 0.95 )
	v( 3.705 6.4 0.95 )
	v( 3.705 5.375 0.95 )
	v( 3.705 6.4 1.425 )
	v( 3.705 6.4 1.425 )
	v( 3.705 5.375 1.425 )
	v( 3.705 6.4 1.9 )
	v( 3.705 6.4 1.9 )
	v( -3.705 6.4 -1.9 )
	v( -3.705 6.4 -1.425 )
	v( -3.705 5.375 -1.425 )
	v( -3.705 5.375 -1.425 )
	v( -3.705 5.375 -1.9 )
	v( -3.705 5.375 -1.9 )
	v( -3.705 3.55 -1.425 )
	v( -3.705 3.55 -1.425 )
	v( -3.705 3.55 -1.9 )
	v( -3.705 6.4 -1.425 )
	v( -3.705 6.4 -0.95 )
	v( -3.705 5.375 -0.95 )
	v( -3.705 5.375 -0.95 )
	v( -3.705 5.375 -1.425 )
	v( -3.705 3.55 -0.95 )
	v( -3.705 3.55 -0.95 )
	v( -3.705 3.55 -1.9 )
	v( -3.705 2.125 -1.425 )
	v( -3.705 2.125 -1.425 )
	v( -3.705 2.125 -1.9 )
	v( -3.705 2.125 -1.9 )
	v( -3.705 0.3 -1.425 )
	v( -3.705 0.3 -1.425 )
	v( -3.705 0.3 -1.9 )
	v( -3.705 3.55 -1.425 )
	v( -3.705 2.125 -0.95 )
	v( -3.705 2.125 -0.95 )
	v( -3.705 2.125 -1.425 )
	v( -3.705 0.3 -0.95 )
	v( -3.705 0.3 -0.95 )
	v( -3.705 6.4 -0.95 )
	v( -3.705 6.4 -0.475 )
	v( -3.705 5.375 -0.475 )
	v( -3.705 5.375 -0.475 )
	v( -3.705 5.375 -0.95 )
	v( -3.705 3.55 -0.475 )
	v( -3.705 3.55 -0.475 )
	v( -3.705 6.4 -0.475 )
	v( -3.705 6.4 0 )
	v( -3.705 5.375 0 )
	v( -3.705 5.375 0 )
	v( -3.705 5.375 -0.475 )
	v( -3.705 3.55 0 )
	v( -3.705 3.55 0 )
	v( -3.705 3.55 -0.95 )
	v( -3.705 2.125 -0.475 )
	v( -3.705 2.125 -0.475 )
	v( -3.705 2.125 -0.95 )
	v( -3.705 0.3 -0.475 )
	v( -3.705 0.3 -0.475 )
	v( -3.705 3.55 -0.475 )
	v( -3.705 2.125 0 )
	v( -3.705 2.125 0 )
	v( -3.705 2.125 -0.475 )
	v( -3.705 0.3 0 )
	v( -3.705 0.3 0 )
	v( -3.705 0.3 -1.9 )
	v( -3.705 -0.725 -1.425 )
	v( -3.705 -0.725 -1.425 )
	v( -3.705 -0.725 -1.9 )
	v( -3.705 -0.725 -1.9 )
	v( -3.705 -2.15 -1.425 )
	v( -3.705 -2.15 -1.425 )
	v( -3.705 -2.15 -1.9 )
	v( -3.705 0.3 -1.425 )
	v( -3.705 -0.725 -0.95 )
	v( -3.705 -0.725 -0.95 )
	v( -3.705 -0.725 -1.425 )
	v( -3.705 -2.15 -0.95 )
	v( -3.705 -2.15 -0.95 )
	v( -3.705 -2.15 -1.9 )
	v( -3.705 -3.575 -1.425 )
	v( -3.705 -3.575 -1.425 )
	v( -3.705 -3.575 -1.9 )
	v( -3.705 -3.575 -1.9 )
	v( -3.705 -5 -1.425 )
	v( -3.705 -5 -1.425 )
	v( -3.705 -5 -1.9 )
	v( -3.705 -2.15 -1.425 )
	v( -3.705 -3.575 -0.95 )
	v( -3.705 -3.575 -0.95 )
	v( -3.705 -3.575 -1.425 )
	v( -3.705 -5 -0.95 )
	v( -3.705 -5 -0.95 )
	v( -3.705 0.3 -0.95 )
	v( -3.705 -0.725 -0.475 )
	v( -3.705 -0.725 -0.475 )
	v( -3.705 -0.725 -0.95 )
	v( -3.705 -2.15 -0.475 )
	v( -3.705 -2.15 -0.475 )
	v( -3.705 0.3 -0.475 )
	v( -3.705 -0.725 0 )
	v( -3.705 -0.725 0 )
	v( -3.705 -0.725 -0.475 )
	v( -3.705 -2.15 0 )
	v( -3.705 -2.15 0 )
	v( -3.705 -2.15 -0.95 )
	v( -3.705 -3.575 -0.475 )
	v( -3.705 -3.575 -0.475 )
	v( -3.705 -3.575 -0.95 )
	v( -3.705 -5 -0.475 )
	v( -3.705 -5 -0.475 )
	v( -3.705 -2.15 -0.475 )
	v( -3.705 -3.575 0 )
	v( -3.705 -3.575 0 )
	v( -3.705 -3.575 -0.475 )
	v( -3.705 -5 0 )
	v( -3.705 -5 0 )
	v( -3.705 6.4 0 )
	v( -3.705 6.4 0.475 )
	v( -3.705 5.375 0.475 )
	v( -3.705 5.375 0.475 )
	v( -3.705 5.375 0 )
	v( -3.705 3.55 0.475 )
	v( -3.705 3.55 0.475 )
	v( -3.705 6.4 0.475 )
	v( -3.705 6.4 0.95 )
	v( -3.705 5.375 0.95 )
	v( -3.705 5.375 0.95 )
	v( -3.705 5.375 0.475 )
	v( -3.705 3.55 0.95 )
	v( -3.705 3.55 0.95 )
	v( -3.705 3.55 0 )
	v( -3.705 2.125 0.475 )
	v( -3.705 2.125 0.475 )
	v( -3.705 2.125 0 )
	v( -3.705 0.3 0.475 )
	v( -3.705 0.3 0.475 )
	v( -3.705 3.55 0.475 )
	v( -3.705 2.125 0.95 )
	v( -3.705 2.125 0.95 )
	v( -3.705 2.125 0.475 )
	v( -3.705 0.3 0.95 )
	v( -3.705 0.3 0.95 )
	v( -3.705 6.4 0.95 )
	v( -3.705 6.4 1.425 )
	v( -3.705 5.375 1.425 )
	v( -3.705 5.375 1.425 )
	v( -3.705 5.375 0.95 )
	v( -3.705 3.55 1.425 )
	v( -3.705 3.55 1.425 )
	v( -3.705 6.4 1.425 )
	v( -3.705 6.4 1.9 )
	v( -3.705 5.375 1.9 )
	v( -3.705 5.375 1.9 )
	v( -3.705 5.375 1.425 )
	v( -3.705 3.55 1.9 )
	v( -3.705 3.55 1.9 )
	v( -3.705 3.55 0.95 )
	v( -3.705 2.125 1.425 )
	v( -3.705 2.125 1.425 )
	v( -3.705 2.125 0.95 )
	v( -3.705 0.3 1.425 )
	v( -3.705 0.3 1.425 )
	v( -3.705 3.55 1.425 )
	v( -3.705 2.125 1.9 )
	v( -3.705 2.125 1.9 )
	v( -3.705 2.125 1.425 )
	v( -3.705 0.3 1.9 )
	v( -3.705 0.3 1.9 )
	v( -3.705 0.3 0 )
	v( -3.705 -0.725 0.475 )
	v( -3.705 -0.725 0.475 )
	v( -3.705 -0.725 0 )
	v( -3.705 -2.15 0.475 )
	v( -3.705 -2.15 0.475 )
	v( -3.705 0.3 0.475 )
	v( -3.705 -0.725 0.95 )
	v( -3.705 -0.725 0.95 )
	v( -3.705 -0.725 0.475 )
	v( -3.705 -2.15 0.95 )
	v( -3.705 -2.15 0.95 )
	v( -3.705 -2.15 0 )
	v( -3.705 -3.575 0.475 )
	v( -3.705 -3.575 0.475 )
	v( -3.705 -3.575 0 )
	v( -3.705 -5 0.475 )
	v( -3.705 -5 0.475 )
	v( -3.705 -2.15 0.475 )
	v( -3.705 -3.575 0.95 )
	v( -3.705 -3.575 0.95 )
	v( -3.705 -3.575 0.475 )
	v( -3.705 -5 0.95 )
	v( -3.705 -5 0.95 )
	v( -3.705 0.3 0.95 )
	v( -3.705 -0.725 1.425 )
	v( -3.705 -0.725 1.425 )
	v( -3.705 -0.725 0.95 )
	v( -3.705 -2.15 1.425 )
	v( -3.705 -2.15 1.425 )
	v( -3.705 0.3 1.425 )
	v( -3.705 -0.725 1.9 )
	v( -3.705 -0.725 1.9 )
	v( -3.705 -0.725 1.425 )
	v( -3.705 -2.15 1.9 )
	v( -3.705 -2.15 1.9 )
	v( -3.705 -2.15 0.95 )
	v( -3.705 -3.575 1.425 )
	v( -3.705 -3.575 1.425 )
	v( -3.705 -3.575 0.95 )
	v( -3.705 -5 1.425 )
	v( -3.705 -5 1.425 )
	v( -3.705 -2.15 1.425 )
	v( -3.705 -3.575 1.9 )
	v( -3.705 -3.575 1.9 )
	v( -3.705 -3.575 1.425 )
	v( -3.705 -5 1.9 )
	v( -3.705 -5 1.9 )
	v( 3.705 6.4 -1.9 )
	v( 3.705 6.4 -1.425 )
	v( 2.779 6.4 -1.425 )
	v( 2.779 6.4 -1.425 )
	v( 2.779 6.4 -1.9 )
	v( 2.779 6.4 -1.9 )
	v( 1.852 6.4 -1.425 )
	v( 1.852 6.4 -1.425 )
	v( 1.852 6.4 -1.9 )
	v( 3.705 6.4 -1.425 )
	v( 3.705 6.4 -0.95 )
	v( 2.779 6.4 -0.95 )
	v( 2.779 6.4 -0.95 )
	v( 2.779 6.4 -1.425 )
	v( 1.852 6.4 -0.95 )
	v( 1.852 6.4 -0.95 )
	v( 1.852 6.4 -1.9 )
	v( 0.926 6.4 -1.425 )
	v( 0.926 6.4 -1.425 )
	v( 0.926 6.4 -1.9 )
	v( 0.926 6.4 -1.9 )
	v( 0 6.4 -1.425 )
	v( 0 6.4 -1.425 )
	v( 0 6.4 -1.9 )
	v( 1.852 6.4 -1.425 )
	v( 0.926 6.4 -0.95 )
	v( 0.926 6.4 -0.95 )
	v( 0.926 6.4 -1.425 )
	v( 0 6.4 -0.95 )
	v( 0 6.4 -0.95 )
	v( 3.705 6.4 -0.95 )
	v( 3.705 6.4 -0.475 )
	v( 2.779 6.4 -0.475 )
	v( 2.779 6.4 -0.475 )
	v( 2.779 6.4 -0.95 )
	v( 1.852 6.4 -0.475 )
	v( 1.852 6.4 -0.475 )
	v( 3.705 6.4 -0.475 )
	v( 3.705 6.4 0 )
	v( 2.779 6.4 0 )
	v( 2.779 6.4 0 )
	v( 2.779 6.4 -0.475 )
	v( 1.852 6.4 0 )
	v( 1.852 6.4 0 )
	v( 1.852 6.4 -0.95 )
	v( 0.926 6.4 -0.475 )
	v( 0.926 6.4 -0.475 )
	v( 0.926 6.4 -0.95 )
	v( 0 6.4 -0.475 )
	v( 0 6.4 -0.475 )
	v( 1.852 6.4 -0.475 )
	v( 0.926 6.4 0 )
	v( 0.926 6.4 0 )
	v( 0.926 6.4 -0.475 )
	v( 0 6.4 0 )
	v( 0 6.4 0 )
	v( 0 6.4 -1.9 )
	v( -0.926 6.4 -1.425 )
	v( -0.926 6.4 -1.425 )
	v( -0.926 6.4 -1.9 )
	v( -0.926 6.4 -1.9 )
	v( -1.852 6.4 -1.425 )
	v( -1.852 6.4 -1.425 )
	v( -1.852 6.4 -1.9 )
	v( 0 6.4 -1.425 )
	v( -0.926 6.4 -0.95 )
	v( -0.926 6.4 -0.95 )
	v( -0.926 6.4 -1.425 )
	v( -1.852 6.4 -0.95 )
	v( -1.852 6.4 -0.95 )
	v( -1.852 6.4 -1.9 )
	v( -2.779 6.4 -1.425 )
	v( -2.779 6.4 -1.425 )
	v( -2.779 6.4 -1.9 )
	v( -2.779 6.4 -1.9 )
	v( -3.705 6.4 -1.425 )
	v( -3.705 6.4 -1.425 )
	v( -3.705 6.4 -1.9 )
	v( -1.852 6.4 -1.425 )
	v( -2.779 6.4 -0.95 )
	v( -2.779 6.4 -0.95 )
	v( -2.779 6.4 -1.425 )
	v( -3.705 6.4 -0.95 )
	v( -3.705 6.4 -0.95 )
	v( 0 6.4 -0.95 )
	v( -0.926 6.4 -0.475 )
	v( -0.926 6.4 -0.475 )
	v( -0.926 6.4 -0.95 )
	v( -1.852 6.4 -0.475 )
	v( -1.852 6.4 -0.475 )
	v( 0 6.4 -0.475 )
	v( -0.926 6.4 0 )
	v( -0.926 6.4 0 )
	v( -0.926 6.4 -0.475 )
	v( -1.852 6.4 0 )
	v( -1.852 6.4 0 )
	v( -1.852 6.4 -0.95 )
	v( -2.779 6.4 -0.475 )
	v( -2.779 6.4 -0.475 )
	v( -2.779 6.4 -0.95 )
	v( -3.705 6.4 -0.475 )
	v( -3.705 6.4 -0.475 )
	v( -1.852 6.4 -0.475 )
	v( -2.779 6.4 0 )
	v( -2.779 6.4 0 )
	v( -2.779 6.4 -0.475 )
	v( -3.705 6.4 0 )
	v( -3.705 6.4 0 )
	v( 3.705 6.4 0 )
	v( 3.705 6.4 0.475 )
	v( 2.779 6.4 0.475 )
	v( 2.779 6.4 0.475 )
	v( 2.779 6.4 0 )
	v( 1.852 6.4 0.475 )
	v( 1.852 6.4 0.475 )
	v( 3.705 6.4 0.475 )
	v( 3.705 6.4 0.95 )
	v( 2.779 6.4 0.95 )
	v( 2.779 6.4 0.95 )
	v( 2.779 6.4 0.475 )
	v( 1.852 6.4 0.95 )
	v( 1.852 6.4 0.95 )
	v( 1.852 6.4 0 )
	v( 0.926 6.4 0.475 )
	v( 0.926 6.4 0.475 )
	v( 0.926 6.4 0 )
	v( 0 6.4 0.475 )
	v( 0 6.4 0.475 )
	v( 1.852 6.4 0.475 )
	v( 0.926 6.4 0.95 )
	v( 0.926 6.4 0.95 )
	v( 0.926 6.4 0.475 )
	v( 0 6.4 0.95 )
	v( 0 6.4 0.95 )
	v( 3.705 6.4 0.95 )
	v( 3.705 6.4 1.425 )
	v( 2.779 6.4 1.425 )
	v( 2.779 6.4 1.425 )
	v( 2.779 6.4 0.95 )
	v( 1.852 6.4 1.425 )
	v( 1.852 6.4 1.425 )
	v( 3.705 6.4 1.425 )
	v( 3.705 6.4 1.9 )
	v( 2.779 6.4 1.9 )
	v( 2.779 6.4 1.9 )
	v( 2.779 6.4 1.425 )
	v( 1.852 6.4 1.9 )
	v( 1.852 6.4 1.9 )
	v( 1.852 6.4 0.95 )
	v( 0.926 6.4 1.425 )
	v( 0.926 6.4 1.425 )
	v( 0.926 6.4 0.95 )
	v( 0 6.4 1.425 )
	v( 0 6.4 1.425 )
	v( 1.852 6.4 1.425 )
	v( 0.926 6.4 1.9 )
	v( 0.926 6.4 1.9 )
	v( 0.926 6.4 1.425 )
	v( 0 6.4 1.9 )
	v( 0 6.4 1.9 )
	v( 0 6.4 0 )
	v( -0.926 6.4 0.475 )
	v( -0.926 6.4 0.475 )
	v( -0.926 6.4 0 )
	v( -1.852 6.4 0.475 )
	v( -1.852 6.4 0.475 )
	v( 0 6.4 0.475 )
	v( -0.926 6.4 0.95 )
	v( -0.926 6.4 0.95 )
	v( -0.926 6.4 0.475 )
	v( -1.852 6.4 0.95 )
	v( -1.852 6.4 0.95 )
	v( -1.852 6.4 0 )
	v( -2.779 6.4 0.475 )
	v( -2.779 6.4 0.475 )
	v( -2.779 6.4 0 )
	v( -3.705 6.4 0.475 )
	v( -3.705 6.4 0.475 )
	v( -1.852 6.4 0.475 )
	v( -2.779 6.4 0.95 )
	v( -2.779 6.4 0.95 )
	v( -2.779 6.4 0.475 )
	v( -3.705 6.4 0.95 )
	v( -3.705 6.4 0.95 )
	v( 0 6.4 0.95 )
	v( -0.926 6.4 1.425 )
	v( -0.926 6.4 1.425 )
	v( -0.926 6.4 0.95 )
	v( -1.852 6.4 1.425 )
	v( -1.852 6.4 1.425 )
	v( 0 6.4 1.425 )
	v( -0.926 6.4 1.9 )
	v( -0.926 6.4 1.9 )
	v( -0.926 6.4 1.425 )
	v( -1.852 6.4 1.9 )
	v( -1.852 6.4 1.9 )
	v( -1.852 6.4 0.95 )
	v( -2.779 6.4 1.425 )
	v( -2.779 6.4 1.425 )
	v( -2.779 6.4 0.95 )
	v( -3.705 6.4 1.425 )
	v( -3.705 6.4 1.425 )
	v( -1.852 6.4 1.425 )
	v( -2.779 6.4 1.9 )
	v( -2.779 6.4 1.9 )
	v( -2.779 6.4 1.425 )
	v( -3.705 6.4 1.9 )
	v( -3.705 6.4 1.9 )
	v( 2.779 -5 -1.9 )
	v( 3.705 -5 -1.9 )
	v( 3.705 -3.575 -1.9 )
	v( 2.779 -3.575 -1.9 )
	v( 1.852 -5 -1.9 )
	v( 1.852 -3.575 -1.9 )
	v( 3.705 -2.15 -1.9 )
	v( 2.779 -2.15 -1.9 )
	v( 1.852 -2.15 -1.9 )
	v( 0.926 -5 -1.9 )
	v( 0.926 -3.575 -1.9 )
	v( 0 -5 -1.9 )
	v( 0 -3.575 -1.9 )
	v( 0.926 -2.15 -1.9 )
	v( 0 -2.15 -1.9 )
	v( 3.705 -0.725 -1.9 )
	v( 2.779 -0.725 -1.9 )
	v( 1.852 -0.725 -1.9 )
	v( 3.705 0.3 -1.9 )
	v( 2.779 0.3 -1.9 )
	v( 1.852 0.3 -1.9 )
	v( 0.926 -0.725 -1.9 )
	v( 0 -0.725 -1.9 )
	v( 0.926 0.3 -1.9 )
	v( 0 0.3 -1.9 )
	v( -0.926 -5 -1.9 )
	v( -0.926 -3.575 -1.9 )
	v( -1.852 -5 -1.9 )
	v( -1.852 -3.575 -1.9 )
	v( -0.926 -2.15 -1.9 )
	v( -1.852 -2.15 -1.9 )
	v( -2.779 -5 -1.9 )
	v( -2.779 -3.575 -1.9 )
	v( -3.705 -5 -1.9 )
	v( -3.705 -3.575 -1.9 )
	v( -2.779 -2.15 -1.9 )
	v( -3.705 -2.15 -1.9 )
	v( -0.926 -0.725 -1.9 )
	v( -1.852 -0.725 -1.9 )
	v( -0.926 0.3 -1.9 )
	v( -1.852 0.3 -1.9 )
	v( -2.779 -0.725 -1.9 )
	v( -3.705 -0.725 -1.9 )
	v( -2.779 0.3 -1.9 )
	v( -3.705 0.3 -1.9 )
	v( 3.705 2.125 -1.9 )
	v( 2.779 2.125 -1.9 )
	v( 1.852 2.125 -1.9 )
	v( 3.705 3.55 -1.9 )
	v( 2.779 3.55 -1.9 )
	v( 1.852 3.55 -1.9 )
	v( 0.926 2.125 -1.9 )
	v( 0 2.125 -1.9 )
	v( 0.926 3.55 -1.9 )
	v( 0 3.55 -1.9 )
	v( 3.705 5.375 -1.9 )
	v( 2.779 5.375 -1.9 )
	v( 1.852 5.375 -1.9 )
	v( 3.705 6.4 -1.9 )
	v( 2.779 6.4 -1.9 )
	v( 1.852 6.4 -1.9 )
	v( 0.926 5.375 -1.9 )
	v( 0 5.375 -1.9 )
	v( 0.926 6.4 -1.9 )
	v( 0 6.4 -1.9 )
	v( -0.926 2.125 -1.9 )
	v( -1.852 2.125 -1.9 )
	v( -0.926 3.55 -1.9 )
	v( -1.852 3.55 -1.9 )
	v( -2.779 2.125 -1.9 )
	v( -3.705 2.125 -1.9 )
	v( -2.779 3.55 -1.9 )
	v( -3.705 3.55 -1.9 )
	v( -0.926 5.375 -1.9 )
	v( -1.852 5.375 -1.9 )
	v( -0.926 6.4 -1.9 )
	v( -1.852 6.4 -1.9 )
	v( -2.779 5.375 -1.9 )
	v( -3.705 5.375 -1.9 )
	v( -2.779 6.4 -1.9 )
	v( -3.705 6.4 -1.9 )
	v( -3.705 -5 1.425 )
	v( -3.705 -6.4 1.9 )
	v( -3.705 -6.4 1.425 )
	v( -3.705 -5 0.95 )
	v( -3.705 -6.4 1.425 )
	v( -3.705 -6.4 0.95 )
	v( -3.705 -5 0 )
	v( -3.705 -6.4 0.475 )
	v( -3.705 -6.4 0 )
	v( -3.705 -5 0.475 )
	v( -3.705 -6.4 0.95 )
	v( -3.705 -6.4 0.475 )
	v( -3.705 -5 -1.9 )
	v( -3.705 -6.4 -1.425 )
	v( -3.705 -6.4 -1.9 )
	v( -3.705 -5 -1.425 )
	v( -3.705 -6.4 -0.95 )
	v( -3.705 -6.4 -1.425 )
	v( -3.705 -5 -0.475 )
	v( -3.705 -6.4 0 )
	v( -3.705 -6.4 -0.475 )
	v( -3.705 -5 -0.95 )
	v( -3.705 -6.4 -0.475 )
	v( -3.705 -6.4 -0.95 )
	v( 3.705 -6.4 0.95 )
	v( 3.705 -6.4 1.425 )
	v( 3.705 -5 1.9 )
	v( 3.705 -6.4 1.425 )
	v( 3.705 -6.4 1.9 )
	v( 3.705 -6.4 0.475 )
	v( 3.705 -6.4 0.95 )
	v( 3.705 -6.4 0 )
	v( 3.705 -6.4 0.475 )
	v( 3.705 -6.4 -1.425 )
	v( 3.705 -6.4 -0.95 )
	v( 3.705 -5 -1.9 )
	v( 3.705 -6.4 -1.9 )
	v( 3.705 -6.4 -1.425 )
	v( 3.705 -6.4 -0.95 )
	v( 3.705 -6.4 -0.475 )
	v( 3.705 -6.4 -0.475 )
	v( 3.705 -6.4 0 )
	v( -1.852 -6.4 1.9 )
	v( -2.779 -6.4 1.9 )
	v( -3.705 -5 1.9 )
	v( -2.779 -6.4 1.9 )
	v( -3.705 -6.4 1.9 )
	v( -0.926 -6.4 1.9 )
	v( -1.852 -6.4 1.9 )
	v( 0 -6.4 1.9 )
	v( -0.926 -6.4 1.9 )
	v( 2.779 -6.4 1.9 )
	v( 1.852 -6.4 1.9 )
	v( 3.705 -5 1.9 )
	v( 3.705 -6.4 1.9 )
	v( 2.779 -6.4 1.9 )
	v( 1.852 -6.4 1.9 )
	v( 0.926 -6.4 1.9 )
	v( 0.926 -6.4 1.9 )
	v( 0 -6.4 1.9 )
	v( 0 -5 -1.9 )
	v( -0.926 -5 -1.9 )
	v( -0.926 -6.4 -1.9 )
	v( 0 -6.4 -1.9 )
	v( -0.926 -5 -1.9 )
	v( -1.852 -5 -1.9 )
	v( -1.852 -6.4 -1.9 )
	v( -0.926 -6.4 -1.9 )
	v( -2.779 -5 -1.9 )
	v( -3.705 -5 -1.9 )
	v( -3.705 -6.4 -1.9 )
	v( -2.779 -6.4 -1.9 )
	v( -1.852 -5 -1.9 )
	v( -2.779 -5 -1.9 )
	v( -2.779 -6.4 -1.9 )
	v( -1.852 -6.4 -1.9 )
	v( 0.926 -5 -1.9 )
	v( 0 -5 -1.9 )
	v( 0 -6.4 -1.9 )
	v( 0.926 -6.4 -1.9 )
	v( 1.852 -5 -1.9 )
	v( 0.926 -5 -1.9 )
	v( 0.926 -6.4 -1.9 )
	v( 1.852 -6.4 -1.9 )
	v( 2.779 -5 -1.9 )
	v( 1.852 -5 -1.9 )
	v( 1.852 -6.4 -1.9 )
	v( 2.779 -6.4 -1.9 )
	v( 3.705 -5 -1.9 )
	v( 2.779 -5 -1.9 )
	v( 2.779 -6.4 -1.9 )
	v( 3.705 -6.4 -1.9 )
	n( -1 0 0 )
	n( -1 0 0 )
	n( -1 0 0 )
	n( -1 0 0 )
	n( -1 0 0 )
	n( -1 0 0 )
	n( -1 0 0 )
	n( -1 0 0 )
	n( -1 0 0 )
	n( -1 0 0 )
	n( -1 0 0 )
	n( -1 0 0 )
	n( -1 0 0 )
	n( -1 0 0 )
	n( -1 0 0 )
	n( 0 0 -1 )
	n( 0 0 -1 )
	n( 0 0 -1 )
	n( 0 0 -1 )
	n( 0 0 -1 )
	n( 0 0 -1 )
	n( 0 0 -1 )
	n( 0 0 -1 )
	n( 0 0 -1 )
	n( 0 0 -1 )
	n( 0 0 -1 )
	n( 0 0 -1 )
	n( 0 0 -1 )
	n( 0 0 -1 )
	n( 0 0 -1 )
	n( 0 0 -1 )
	n( 0 0 -1 )
	n( 0 0 -1 )
	n( 0 0 -1 )
	n( 0 0 -1 )
	n( 0 0 -1 )
	n( 0 0 -1 )
	n( 0 0 -1 )
	n( 0 0 -1 )
	n( 0 0 -1 )
	n( 0 0 -1 )
	n( 0 0 -1 )
	n( 0 0 -1 )
	n( 0 0 -1 )
	n( 0 0 -1 )
	n( 0 0 -1 )
	n( 0 0 -1 )
	n( 0 0 -1 )
	n( 0 0 -1 )
	n( 0 0 -1 )
	n( 0 0 -1 )
	n( 0 0 -1 )
	n( 0 0 -1 )
	n( 0 0 -1 )
	n( 0 0 -1 )
	n( 0 0 -1 )
	n( 0 0 -1 )
	n( 0 0 -1 )
	n( 0 0 -1 )
	n( 0 0 -1 )
	n( 0 0 -1 )
	n( 0 0 -1 )
	n( 0 0 -1 )
	n( 0 0 -1 )
	n( 0 0 -1 )
	n( 0 0 -1 )
	n( 0 0 -1 )
	n( 0 0 -1 )
	n( 0 0 -1 )
	n( 0 0 -1 )
	n( 0 0 -1 )
	n( 0 0 -1 )
	n( 0 0 -1 )
	n( 0 0 -1 )
	n( 0 0 -1 )
	n( 0 0 -1 )
	n( 0 0 -1 )
	n( 0 0 -1 )
	n( 0 0 -1 )
	n( 0 0 -1 )
	n( 0 0 -1 )
	n( 0 0 -1 )
	n( 0 0 -1 )
	n( 0 0 -1 )
	n( 0 0 -1 )
	n( 0 0 -1 )
	n( 0 0 -1 )
	n( 0 0 -1 )
	n( 0 0 -1 )
	n( 0 0 -1 )
	n( 0 0 -1 )
	n( 0 0 -1 )
	n( 0 0 -1 )
	n( 0 0 -1 )
	n( 0 0 -1 )
	n( 0 0 -1 )
	n( 0 0 -1 )
	n( 0 0 -1 )
	n( 0 0 -1 )
	n( 0 0 -1 )
	n( 0 0 -1 )
	n( 0 0 -1 )
	n( 0 0 -1 )
	n( 0 0 -1 )
	n( 0 0 -1 )
	n( 0 0 -1 )
	n( 0 0 -1 )
	n( 0 0 -1 )
	n( 0 0 -1 )
	n( 0 0 -1 )
	n( 0 0 -1 )
	n( 0 0 -1 )
	n( 0 0 -1 )
	n( 0 0 -1 )
	n( 0 0 -1 )
	n( 0 0 -1 )
	n( 0 0 -1 )
	n( 0 0 -1 )
	n( 0 0 -1 )
	n( 0 0 -1 )
	n( 0 0 -1 )
	n( 0 0 -1 )
	n( 0 0 -1 )
	n( 0 0 -1 )
	n( 0 0 -1 )
	n( 0 0 -1 )
	n( 0 0 -1 )
	n( 0 0 -1 )
	n( 0 0 -1 )
	n( 0 0 -1 )
	n( 0 0 -1 )
	n( 0 0 -1 )
	n( 0 0 -1 )
	n( 0 0 -1 )
	n( 0 0 -1 )
	n( 0 0 -1 )
	n( 0 0 -1 )
	n( 0 0 -1 )
	n( 0 0 -1 )
	n( 0 0 -1 )
	n( 0 0 -1 )
	n( 0 0 -1 )
	n( 0 0 -1 )
	n( 0 0 -1 )
	n( 0 0 -1 )
	n( 0 0 -1 )
	n( 0 0 -1 )
	n( 0 0 -1 )
	n( 0 0 -1 )
	n( 0 0 -1 )
	n( 0 0 -1 )
	n( 0 0 -1 )
	n( 0 0 -1 )
	n( 0 0 -1 )
	n( 0 0 -1 )
	n( 0 0 -1 )
	n( 0 0 -1 )
	n( 0 0 -1 )
	n( 0 0 -1 )
	n( 0 0 -1 )
	n( 0 0 -1 )
	n( 0 0 -1 )
	n( 0 0 -1 )
	n( 0 0 -1 )
	n( 0 0 -1 )
	n( 0 0 -1 )
	n( 0 0 -1 )
	n( 0 0 -1 )
	n( 0 0 -1 )
	n( 0 0 -1 )
	n( 0 0 -1 )
	n( 0 0 -1 )
	n( 0 0 -1 )
	n( 0 0 -1 )
	n( 0 0 -1 )
	n( 0 0 -1 )
	n( 0 0 -1 )
	n( 0 0 -1 )
	n( 0 0 -1 )
	n( 0 0 -1 )
	n( 0 0 -1 )
	n( 0 0 -1 )
	n( 0 0 -1 )
	n( 0 0 -1 )
	n( 0 0 -1 )
	n( 0 0 -1 )
	n( 0 0 -1 )
	n( 0 0 -1 )
	n( 0 0 -1 )
	n( 0 0 -1 )
	n( 0 0 -1 )
	n( 0 0 -1 )
	n( 0 0 -1 )
	n( 0 0 -1 )
	n( 0 0 -1 )
	n( 0 0 -1 )
	n( 0 0 -1 )
	n( 0 0 -1 )
	n( 0 0 -1 )
	n( 0 0 -1 )
	n( 0 0 -1 )
	n( 0 0 -1 )
	n( 0 0 -1 )
	n( 0 0 -1 )
	n( 0 0 -1 )
	n( 0 0 -1 )
	n( 0 0 -1 )
	n( 0 0 -1 )
	n( 0 0 -1 )
	n( 0 0 -1 )
	n( 0 0 -1 )
	n( 0 0 -1 )
	n( 0 0 -1 )
	n( 0 0 -1 )
	n( 0 0 -1 )
	n( 0 0 -1 )
	n( 0 0 -1 )
	n( 0 0 -1 )
	n( 0 0 -1 )
	n( 0 0 -1 )
	n( 0 0 -1 )
	n( 0 0 -1 )
	n( 0 0 -1 )
	n( -1 0 0 )
	n( -1 0 0 )
	n( -1 0 0 )
	n( -1 0 0 )
	n( -1 0 0 )
	n( -1 0 0 )
	n( -1 0 0 )
	n( -1 0 0 )
	n( -1 0 0 )
	n( -1 0 0 )
	n( -1 0 0 )
	n( -1 0 0 )
	n( -1 0 0 )
	n( -1 0 0 )
	n( -1 0 0 )
	n( -1 0 0 )
	n( -1 0 0 )
	n( -1 0 0 )
	n( -1 0 0 )
	n( -1 0 0 )
	n( -1 0 0 )
	n( -1 0 0 )
	n( -1 0 0 )
	n( -1 0 0 )
	n( -1 0 0 )
	n( -1 0 0 )
	n( -1 0 0 )
	n( -1 0 0 )
	n( -1 0 0 )
	n( -1 0 0 )
	n( -1 0 0 )
	n( -1 0 0 )
	n( -1 0 0 )
	n( -1 0 0 )
	n( -1 0 0 )
	n( -1 0 0 )
	n( -1 0 0 )
	n( -1 0 0 )
	n( -1 0 0 )
	n( -1 0 0 )
	n( -1 0 0 )
	n( -1 0 0 )
	n( -1 0 0 )
	n( -1 0 0 )
	n( -1 0 0 )
	n( -1 0 0 )
	n( -1 0 0 )
	n( -1 0 0 )
	n( -1 0 0 )
	n( -1 0 0 )
	n( -1 0 0 )
	n( -1 0 0 )
	n( -1 0 0 )
	n( -1 0 0 )
	n( -1 0 0 )
	n( -1 0 0 )
	n( -1 0 0 )
	n( -1 0 0 )
	n( -1 0 0 )
	n( -1 0 0 )
	n( -1 0 0 )
	n( -1 0 0 )
	n( -1 0 0 )
	n( -1 0 0 )
	n( -1 0 0 )
	n( -1 0 0 )
	n( -1 0 0 )
	n( -1 0 0 )
	n( -1 0 0 )
	n( -1 0 0 )
	n( -1 0 0 )
	n( -1 0 0 )
	n( -1 0 0 )
	n( -1 0 0 )
	n( -1 0 0 )
	n( -1 0 0 )
	n( -1 0 0 )
	n( -1 0 0 )
	n( -1 0 0 )
	n( -1 0 0 )
	n( -1 0 0 )
	n( -1 0 0 )
	n( -1 0 0 )
	n( -1 0 0 )
	n( -1 0 0 )
	n( -1 0 0 )
	n( -1 0 0 )
	n( -1 0 0 )
	n( -1 0 0 )
	n( -1 0 0 )
	n( -1 0 0 )
	n( -1 0 0 )
	n( -1 0 0 )
	n( -1 0 0 )
	n( -1 0 0 )
	n( -1 0 0 )
	n( -1 0 0 )
	n( -1 0 0 )
	n( -1 0 0 )
	n( -1 0 0 )
	n( -1 0 0 )
	n( -1 0 0 )
	n( -1 0 0 )
	n( -1 0 0 )
	n( -1 0 0 )
	n( -1 0 0 )
	n( -1 0 0 )
	n( -1 0 0 )
	n( -1 0 0 )
	n( -1 0 0 )
	n( -1 0 0 )
	n( -1 0 0 )
	n( -1 0 0 )
	n( -1 0 0 )
	n( -1 0 0 )
	n( -1 0 0 )
	n( -1 0 0 )
	n( -1 0 0 )
	n( -1 0 0 )
	n( -1 0 0 )
	n( -1 0 0 )
	n( -1 0 0 )
	n( -1 0 0 )
	n( -1 0 0 )
	n( -1 0 0 )
	n( -1 0 0 )
	n( -1 0 0 )
	n( -1 0 0 )
	n( -1 0 0 )
	n( -1 0 0 )
	n( -1 0 0 )
	n( -1 0 0 )
	n( -1 0 0 )
	n( -1 0 0 )
	n( -1 0 0 )
	n( -1 0 0 )
	n( -1 0 0 )
	n( -1 0 0 )
	n( -1 0 0 )
	n( -1 0 0 )
	n( -1 0 0 )
	n( -1 0 0 )
	n( -1 0 0 )
	n( -1 0 0 )
	n( -1 0 0 )
	n( -1 0 0 )
	n( -1 0 0 )
	n( -1 0 0 )
	n( -1 0 0 )
	n( -1 0 0 )
	n( -1 0 0 )
	n( -1 0 0 )
	n( -1 0 0 )
	n( -1 0 0 )
	n( -1 0 0 )
	n( -1 0 0 )
	n( -1 0 0 )
	n( 1 0 0 )
	n( 1 0 0 )
	n( 1 0 0 )
	n( 1 0 0 )
	n( 1 0 0 )
	n( 1 0 0 )
	n( 1 0 0 )
	n( 1 0 0 )
	n( 1 0 0 )
	n( 1 0 0 )
	n( 1 0 0 )
	n( 1 0 0 )
	n( 1 0 0 )
	n( 1 0 0 )
	n( 1 0 0 )
	n( 1 0 0 )
	n( 1 0 0 )
	n( 1 0 0 )
	n( 1 0 0 )
	n( 1 0 0 )
	n( 1 0 0 )
	n( 1 0 0 )
	n( 1 0 0 )
	n( 1 0 0 )
	n( 1 0 0 )
	n( 1 0 0 )
	n( 1 0 0 )
	n( 1 0 0 )
	n( 1 0 0 )
	n( 1 0 0 )
	n( 1 0 0 )
	n( 1 0 0 )
	n( 1 0 0 )
	n( 1 0 0 )
	n( 1 0 0 )
	n( 1 0 0 )
	n( 1 0 0 )
	n( 1 0 0 )
	n( 1 0 0 )
	n( 1 0 0 )
	n( 1 0 0 )
	n( 1 0 0 )
	n( 1 0 0 )
	n( 1 0 0 )
	n( 1 0 0 )
	n( 1 0 0 )
	n( 1 0 0 )
	n( 1 0 0 )
	n( 1 0 0 )
	n( 1 0 0 )
	n( 1 0 0 )
	n( 1 0 0 )
	n( 1 0 0 )
	n( 1 0 0 )
	n( 1 0 0 )
	n( 1 0 0 )
	n( 1 0 0 )
	n( 1 0 0 )
	n( 1 0 0 )
	n( 1 0 0 )
	n( 1 0 0 )
	n( 1 0 0 )
	n( 1 0 0 )
	n( 1 0 0 )
	n( 1 0 0 )
	n( 1 0 0 )
	n( 1 0 0 )
	n( 1 0 0 )
	n( 1 0 0 )
	n( 1 0 0 )
	n( 1 0 0 )
	n( 1 0 0 )
	n( 1 0 0 )
	n( 1 0 0 )
	n( 1 0 0 )
	n( 1 0 0 )
	n( 1 0 0 )
	n( 1 0 0 )
	n( 1 0 0 )
	n( 1 0 0 )
	n( 1 0 0 )
	n( 1 0 0 )
	n( 1 0 0 )
	n( 1 0 0 )
	n( 1 0 0 )
	n( 1 0 0 )
	n( 1 0 0 )
	n( 1 0 0 )
	n( 1 0 0 )
	n( 1 0 0 )
	n( 1 0 0 )
	n( 1 0 0 )
	n( 1 0 0 )
	n( 1 0 0 )
	n( 1 0 0 )
	n( 1 0 0 )
	n( 1 0 0 )
	n( 1 0 0 )
	n( 1 0 0 )
	n( 1 0 0 )
	n( 1 0 0 )
	n( 1 0 0 )
	n( 1 0 0 )
	n( 1 0 0 )
	n( 1 0 0 )
	n( 1 0 0 )
	n( 1 0 0 )
	n( 1 0 0 )
	n( 1 0 0 )
	n( 1 0 0 )
	n( 1 0 0 )
	n( 1 0 0 )
	n( 1 0 0 )
	n( 1 0 0 )
	n( 1 0 0 )
	n( 1 0 0 )
	n( 1 0 0 )
	n( 1 0 0 )
	n( 1 0 0 )
	n( 1 0 0 )
	n( 1 0 0 )
	n( 1 0 0 )
	n( 1 0 0 )
	n( 1 0 0 )
	n( 1 0 0 )
	n( 1 0 0 )
	n( 1 0 0 )
	n( 1 0 0 )
	n( 1 0 0 )
	n( 1 0 0 )
	n( 1 0 0 )
	n( 1 0 0 )
	n( 1 0 0 )
	n( 1 0 0 )
	n( 1 0 0 )
	n( 1 0 0 )
	n( 1 0 0 )
	n( 1 0 0 )
	n( 1 0 0 )
	n( 1 0 0 )
	n( 1 0 0 )
	n( 1 0 0 )
	n( 1 0 0 )
	n( 1 0 0 )
	n( 1 0 0 )
	n( 1 0 0 )
	n( 1 0 0 )
	n( 1 0 0 )
	n( 1 0 0 )
	n( 1 0 0 )
	n( 1 0 0 )
	n( 1 0 0 )
	n( 1 0 0 )
	n( 1 0 0 )
	n( 1 0 0 )
	n( 1 0 0 )
	n( 1 0 0 )
	n( 1 0 0 )
	n( 1 0 0 )
	n( 1 0 0 )
	n( 1 0 0 )
	n( 1 0 0 )
	n( 1 0 0 )
	n( 1 0 0 )
	n( 1 0 0 )
	n( 1 0 0 )
	n( 1 0 0 )
	n( 1 0 0 )
	n( 1 0 0 )
	n( 1 0 0 )
	n( 1 0 0 )
	n( 1 0 0 )
	n( 1 0 0 )
	n( 1 0 0 )
	n( 1 0 0 )
	n( 1 0 0 )
	n( 1 0 0 )
	n( 1 0 0 )
	n( 1 0 0 )
	n( 1 0 0 )
	n( 1 0 0 )
	n( 1 0 0 )
	n( 1 0 0 )
	n( 1 0 0 )
	n( 1 0 0 )
	n( 1 0 0 )
	n( 1 0 0 )
	n( 1 0 0 )
	n( 1 0 0 )
	n( 1 0 0 )
	n( 1 0 0 )
	n( 1 0 0 )
	n( 1 0 0 )
	n( 1 0 0 )
	n( 1 0 0 )
	n( 1 0 0 )
	n( 1 0 0 )
	n( 1 0 0 )
	n( 1 0 0 )
	n( 1 0 0 )
	n( 1 0 0 )
	n( 1 0 0 )
	n( 1 0 0 )
	n( 1 0 0 )
	n( 1 0 0 )
	n( 1 0 0 )
	n( 1 0 0 )
	n( 1 0 0 )
	n( 0 -1 0 )
	n( 0 -1 0 )
	n( 0 -1 0 )
	n( 0 -1 0 )
	n( 0 -1 0 )
	n( 0 -1 0 )
	n( 0 -1 0 )
	n( 0 -1 0 )
	n( 0 -1 0 )
	n( 0 -1 0 )
	n( 0 -1 0 )
	n( 0 -1 0 )
	n( 0 -1 0 )
	n( 0 -1 0 )
	n( 0 -1 0 )
	n( 0 -1 0 )
	n( 0 -1 0 )
	n( 0 -1 0 )
	n( 0 -1 0 )
	n( 0 -1 0 )
	n( 0 -1 0 )
	n( 0 -1 0 )
	n( 0 -1 0 )
	n( 0 -1 0 )
	n( 0 -1 0 )
	n( 0 -1 0 )
	n( 0 -1 0 )
	n( 0 -1 0 )
	n( 0 -1 0 )
	n( 0 -1 0 )
	n( 0 -1 0 )
	n( 0 -1 0 )
	n( 0 -1 0 )
	n( 0 -1 0 )
	n( 0 -1 0 )
	n( 0 -1 0 )
	n( 0 -1 0 )
	n( 0 -1 0 )
	n( 0 -1 0 )
	n( 0 -1 0 )
	n( 0 -1 0 )
	n( 0 -1 0 )
	n( 0 -1 0 )
	n( 0 -1 0 )
	n( 0 -1 0 )
	n( 0 -1 0 )
	n( 0 -1 0 )
	n( 0 -1 0 )
	n( 0 -1 0 )
	n( 0 -1 0 )
	n( 0 -1 0 )
	n( 0 -1 0 )
	n( 0 -1 0 )
	n( 0 -1 0 )
	n( 0 -1 0 )
	n( 0 -1 0 )
	n( 0 -1 0 )
	n( 0 -1 0 )
	n( 0 -1 0 )
	n( 0 -1 0 )
	n( 0 -1 0 )
	n( 0 -1 0 )
	n( 0 -1 0 )
	n( 0 -1 0 )
	n( 0 -1 0 )
	n( 0 -1 0 )
	n( 0 -1 0 )
	n( 0 -1 0 )
	n( 0 -1 0 )
	n( 0 -1 0 )
	n( 0 -1 0 )
	n( 0 -1 0 )
	n( 0 -1 0 )
	n( 0 -1 0 )
	n( 0 -1 0 )
	n( 0 -1 0 )
	n( 0 -1 0 )
	n( 0 -1 0 )
	n( 0 -1 0 )
	n( 0 -1 0 )
	n( 0 -1 0 )
	n( 0 -1 0 )
	n( 0 -1 0 )
	n( 0 -1 0 )
	n( 0 -1 0 )
	n( 0 -1 0 )
	n( 0 -1 0 )
	n( 0 -1 0 )
	n( 0 -1 0 )
	n( 0 -1 0 )
	n( 0 -1 0 )
	n( 0 -1 0 )
	n( 0 -1 0 )
	n( 0 -1 0 )
	n( 0 -1 0 )
	n( 0 -1 0 )
	n( 0 -1 0 )
	n( 0 -1 0 )
	n( 0 -1 0 )
	n( 0 -1 0 )
	n( 0 -1 0 )
	n( 0 -1 0 )
	n( 0 -1 0 )
	n( 0 -1 0 )
	n( 0 -1 0 )
	n( 0 -1 0 )
	n( 0 -1 0 )
	n( 0 -1 0 )
	n( 0 -1 0 )
	n( 0 -1 0 )
	n( 0 -1 0 )
	n( 0 -1 0 )
	n( 0 -1 0 )
	n( 0 -1 0 )
	n( 0 -1 0 )
	n( 0 -1 0 )
	n( 0 -1 0 )
	n( 0 -1 0 )
	n( 0 -1 0 )
	n( 0 -1 0 )
	n( 0 -1 0 )
	n( 0 -1 0 )
	n( 0 -1 0 )
	n( 0 -1 0 )
	n( 0 -1 0 )
	n( 0 -1 0 )
	n( 0 -1 0 )
	n( 0 -1 0 )
	n( 0 -1 0 )
	n( 0 -1 0 )
	n( 0 -1 0 )
	n( 0 -1 0 )
	n( 0 -1 0 )
	n( 0 -1 0 )
	n( 0 -1 0 )
	n( 0 -1 0 )
	n( 0 -1 0 )
	n( 0 -1 0 )
	n( 0 -1 0 )
	n( 0 -1 0 )
	n( 0 -1 0 )
	n( 0 -1 0 )
	n( 0 -1 0 )
	n( 0 -1 0 )
	n( 0 -1 0 )
	n( 0 -1 0 )
	n( 0 -1 0 )
	n( 0 -1 0 )
	n( 0 -1 0 )
	n( 0 -1 0 )
	n( 0 -1 0 )
	n( 0 -1 0 )
	n( 0 -1 0 )
	n( 0 -1 0 )
	n( 0 -1 0 )
	n( 0 -1 0 )
	n( 0 -1 0 )
	n( 0 -1 0 )
	n( 0 -1 0 )
	n( 0 -1 0 )
	n( 0 -1 0 )
	n( 0 -1 0 )
	n( 0 -1 0 )
	n( 0 -1 0 )
	n( 0 -1 0 )
	n( 0 -1 0 )
	n( 0 -1 0 )
	n( 0 -1 0 )
	n( 0 -1 0 )
	n( 0 -1 0 )
	n( 0 -1 0 )
	n( 0 -1 0 )
	n( 0 -1 0 )
	n( 0 -1 0 )
	n( 0 -1 0 )
	n( 0 -1 0 )
	n( 0 -1 0 )
	n( 0 -1 0 )
	n( 0 -1 0 )
	n( 0 -1 0 )
	n( 0 -1 0 )
	n( 0 -1 0 )
	n( 0 -1 0 )
	n( 0 -1 0 )
	n( 0 -1 0 )
	n( 0 -1 0 )
	n( 0 -1 0 )
	n( 0 -1 0 )
	n( 0 -1 0 )
	n( 0 -1 0 )
	n( 0 -1 0 )
	n( 0 -1 0 )
	n( 0 -1 0 )
	n( 0 -1 0 )
	n( 0 -1 0 )
	n( 0 -1 0 )
	n( 0 -1 0 )
	n( 0 -1 0 )
	n( 0 -1 0 )
	n( 0 -1 0 )
	n( 0 -1 0 )
	n( 0 -1 0 )
	n( 0 -1 0 )
	n( 0 -1 0 )
	n( 0 -1 0 )
	n( 0 -1 0 )
	n( 0 -1 0 )
	n( 0 -1 0 )
	n( 0 0 1 )
	n( 0 0 1 )
	n( 0 0 1 )
	n( 0 0 1 )
	n( 0 0 1 )
	n( 0 0 1 )
	n( 0 0 1 )
	n( 0 0 1 )
	n( 0 0 1 )
	n( 0 0 1 )
	n( 0 0 1 )
	n( 0 0 1 )
	n( 0 0 1 )
	n( 0 0 1 )
	n( 0 0 1 )
	n( 0 0 1 )
	n( 0 0 1 )
	n( 0 0 1 )
	n( 0 0 1 )
	n( 0 0 1 )
	n( 0 0 1 )
	n( 0 0 1 )
	n( 0 0 1 )
	n( 0 0 1 )
	n( 0 0 1 )
	n( 0 0 1 )
	n( 0 0 1 )
	n( 0 0 1 )
	n( 0 0 1 )
	n( 0 0 1 )
	n( 0 0 1 )
	n( 0 0 1 )
	n( 0 0 1 )
	n( 0 0 1 )
	n( 0 0 1 )
	n( 0 0 1 )
	n( 0 0 1 )
	n( 0 0 1 )
	n( 0 0 1 )
	n( 0 0 1 )
	n( 0 0 1 )
	n( 0 0 1 )
	n( 0 0 1 )
	n( 0 0 1 )
	n( 0 0 1 )
	n( 0 0 1 )
	n( 0 0 1 )
	n( 0 0 1 )
	n( 0 0 1 )
	n( 0 0 1 )
	n( 0 0 1 )
	n( 0 0 1 )
	n( 0 0 1 )
	n( 0 0 1 )
	n( 0 0 1 )
	n( 0 0 1 )
	n( 0 0 1 )
	n( 0 0 1 )
	n( 0 0 1 )
	n( 0 0 1 )
	n( 0 0 1 )
	n( 0 0 1 )
	n( 0 0 1 )
	n( 0 0 1 )
	n( 0 0 1 )
	n( 0 0 1 )
	n( 0 0 1 )
	n( 0 0 1 )
	n( 0 0 1 )
	n( 0 0 1 )
	n( 0 0 1 )
	n( 0 0 1 )
	n( 0 0 1 )
	n( 0 0 1 )
	n( 0 0 1 )
	n( 0 0 1 )
	n( 0 0 1 )
	n( 0 0 1 )
	n( 0 0 1 )
	n( 0 0 1 )
	n( 0 0 1 )
	n( 1 0 0 )
	n( 1 0 0 )
	n( 1 0 0 )
	n( 1 0 0 )
	n( 1 0 0 )
	n( 1 0 0 )
	n( 1 0 0 )
	n( 1 0 0 )
	n( 1 0 0 )
	n( 1 0 0 )
	n( 1 0 0 )
	n( 1 0 0 )
	n( 1 0 0 )
	n( 1 0 0 )
	n( 1 0 0 )
	n( 1 0 0 )
	n( 1 0 0 )
	n( 1 0 0 )
	n( 1 0 0 )
	n( 1 0 0 )
	n( 1 0 0 )
	n( 1 0 0 )
	n( 1 0 0 )
	n( 1 0 0 )
	n( -1 0 0 )
	n( -1 0 0 )
	n( -1 0 0 )
	n( -1 0 0 )
	n( -1 0 0 )
	n( -1 0 0 )
	n( -1 0 0 )
	n( -1 0 0 )
	n( -1 0 0 )
	n( -1 0 0 )
	n( -1 0 0 )
	n( -1 0 0 )
	n( -1 0 0 )
	n( -1 0 0 )
	n( -1 0 0 )
	n( -1 0 0 )
	n( -1 0 0 )
	n( -1 0 0 )
	n( 0 0 -1 )
	n( 0 0 -1 )
	n( 0 0 -1 )
	n( 0 0 -1 )
	n( 0 0 -1 )
	n( 0 0 -1 )
	n( 0 0 -1 )
	n( 0 0 -1 )
	n( 0 0 -1 )
	n( 0 0 -1 )
	n( 0 0 -1 )
	n( 0 0 -1 )
	n( 0 0 -1 )
	n( 0 0 -1 )
	n( 0 0 -1 )
	n( 0 0 -1 )
	n( 0 0 -1 )
	n( 0 0 -1 )
	n( 0 0 1 )
	n( 0 0 1 )
	n( 0 0 1 )
	n( 0 0 1 )
	n( 0 0 1 )
	n( 0 0 1 )
	n( 0 0 1 )
	n( 0 0 1 )
	n( 0 0 1 )
	n( 0 0 1 )
	n( 0 0 1 )
	n( 0 0 1 )
	n( 0 0 1 )
	n( 0 0 1 )
	n( 0 0 1 )
	n( 0 0 1 )
	n( 0 0 1 )
	n( 0 0 1 )
	n( 0 0 1 )
	n( 0 0 1 )
	n( 0 0 1 )
	n( 0 0 1 )
	n( 0 0 1 )
	n( 0 0 1 )
	n( 0 0 1 )
	n( 0 0 1 )
	n( 0 0 1 )
	n( 0 0 1 )
	n( 0 0 1 )
	n( 0 0 1 )
	n( 0 0 1 )
	n( 0 0 1 )
	u0( 0 1 )
	u0( 1 1 )
	u0( 1 0 )
	u0( 0 1 )
	u0( 1 1 )
	u0( 1 0 )
	u0( 0 1 )
	u0( 1 1 )
	u0( 1 1 )
	u0( 1 0 )
	u0( 1 0 )
	u0( 1 1 )
	u0( 1 0 )
	u0( 1 1 )
	u0( 1 0 )
	u0( 0 1 )
	u0( 1 1 )
	u0( 1 0 )
	u0( 1 1 )
	u0( 1 0 )
	u0( 0 1 )
	u0( 1 0 )
	u0( 1 1 )
	u0( 1 0 )
	u0( 0 1 )
	u0( 1 1 )
	u0( 1 0 )
	u0( 1 1 )
	u0( 0 1 )
	u0( 1 0 )
	u0( 1 1 )
	u0( 0 1 )
	u0( 1 0 )
	u0( 1 1 )
	u0( 1 0 )
	u0( 0 1 )
	u0( 1 0 )
	u0( 1 1 )
	u0( 1 0 )
	u0( 0 1 )
	u0( 1 0 )
	u0( 1 1 )
	u0( 0 1 )
	u0( 1 0 )
	u0( 1 1 )
	u0( 0 1 )
	u0( 1 1 )
	u0( 1 0 )
	u0( 1 1 )
	u0( 0 1 )
	u0( 1 0 )
	u0( 1 1 )
	u0( 0 1 )
	u0( 1 1 )
	u0( 1 0 )
	u0( 1 1 )
	u0( 0 1 )
	u0( 1 0 )
	u0( 1 1 )
	u0( 0 1 )
	u0( 1 0 )
	u0( 1 1 )
	u0( 0 1 )
	u0( 1 0 )
	u0( 1 1 )
	u0( 0 1 )
	u0( 1 0 )
	u0( 1 1 )
	u0( 0 1 )
	u0( 1 0 )
	u0( 1 1 )
	u0( 0 1 )
	u0( 1 0 )
	u0( 1 1 )
	u0( 1 0 )
	u0( 0 1 )
	u0( 1 0 )
	u0( 1 1 )
	u0( 1 0 )
	u0( 0 1 )
	u0( 1 0 )
	u0( 1 1 )
	u0( 0 1 )
	u0( 1 0 )
	u0( 1 1 )
	u0( 0 1 )
	u0( 1 0 )
	u0( 1 1 )
	u0( 1 0 )
	u0( 0 1 )
	u0( 1 0 )
	u0( 1 1 )
	u0( 1 0 )
	u0( 0 1 )
	u0( 1 0 )
	u0( 1 1 )
	u0( 0 1 )
	u0( 1 0 )
	u0( 1 1 )
	u0( 0 1 )
	u0( 1 0 )
	u0( 1 1 )
	u0( 0 1 )
	u0( 1 0 )
	u0( 1 1 )
	u0( 0 1 )
	u0( 1 0 )
	u0( 1 1 )
	u0( 0 1 )
	u0( 1 0 )
	u0( 1 1 )
	u0( 0 1 )
	u0( 1 0 )
	u0( 1 1 )
	u0( 0 1 )
	u0( 1 0 )
	u0( 1 1 )
	u0( 0 1 )
	u0( 1 0 )
	u0( 1 1 )
	u0( 0 1 )
	u0( 1 0 )
	u0( 1 1 )
	u0( 0 1 )
	u0( 1 1 )
	u0( 1 0 )
	u0( 1 1 )
	u0( 0 1 )
	u0( 1 0 )
	u0( 1 1 )
	u0( 0 1 )
	u0( 1 1 )
	u0( 1 0 )
	u0( 1 1 )
	u0( 0 1 )
	u0( 1 0 )
	u0( 1 1 )
	u0( 0 1 )
	u0( 1 0 )
	u0( 1 1 )
	u0( 0 1 )
	u0( 1 0 )
	u0( 1 1 )
	u0( 0 1 )
	u0( 1 0 )
	u0( 1 1 )
	u0( 0 1 )
	u0( 1 0 )
	u0( 1 1 )
	u0( 0 1 )
	u0( 1 1 )
	u0( 1 0 )
	u0( 1 1 )
	u0( 0 1 )
	u0( 1 0 )
	u0( 1 1 )
	u0( 0 1 )
	u0( 1 1 )
	u0( 1 0 )
	u0( 1 1 )
	u0( 0 1 )
	u0( 1 0 )
	u0( 1 1 )
	u0( 0 1 )
	u0( 1 0 )
	u0( 1 1 )
	u0( 0 1 )
	u0( 1 0 )
	u0( 1 1 )
	u0( 0 1 )
	u0( 1 0 )
	u0( 1 1 )
	u0( 0 1 )
	u0( 1 0 )
	u0( 1 1 )
	u0( 0 1 )
	u0( 1 0 )
	u0( 1 1 )
	u0( 0 1 )
	u0( 1 0 )
	u0( 1 1 )
	u0( 0 1 )
	u0( 1 0 )
	u0( 1 1 )
	u0( 0 1 )
	u0( 1 0 )
	u0( 1 1 )
	u0( 0 1 )
	u0( 1 0 )
	u0( 1 1 )
	u0( 0 1 )
	u0( 1 0 )
	u0( 1 1 )
	u0( 0 1 )
	u0( 1 0 )
	u0( 1 1 )
	u0( 0 1 )
	u0( 1 0 )
	u0( 1 1 )
	u0( 0 1 )
	u0( 1 0 )
	u0( 1 1 )
	u0( 0 1 )
	u0( 1 0 )
	u0( 1 1 )
	u0( 0 1 )
	u0( 1 0 )
	u0( 1 1 )
	u0( 0 1 )
	u0( 1 0 )
	u0( 1 1 )
	u0( 0 1 )
	u0( 1 0 )
	u0( 1 1 )
	u0( 0 1 )
	u0( 1 0 )
	u0( 1 1 )
	u0( 0 1 )
	u0( 1 0 )
	u0( 1 1 )
	u0( 0 1 )
	u0( 1 0 )
	u0( 1 1 )
	u0( 0 1 )
	u0( 1 1 )
	u0( 1 0 )
	u0( 1 1 )
	u0( 1 0 )
	u0( 0 1 )
	u0( 1 0 )
	u0( 1 1 )
	u0( 1 0 )
	u0( 0 1 )
	u0( 1 1 )
	u0( 1 0 )
	u0( 1 1 )
	u0( 0 1 )
	u0( 1 0 )
	u0( 1 1 )
	u0( 0 1 )
	u0( 1 0 )
	u0( 1 1 )
	u0( 1 0 )
	u0( 0 1 )
	u0( 1 0 )
	u0( 1 1 )
	u0( 1 0 )
	u0( 0 1 )
	u0( 1 0 )
	u0( 1 1 )
	u0( 0 1 )
	u0( 1 0 )
	u0( 1 1 )
	u0( 0 1 )
	u0( 1 1 )
	u0( 1 0 )
	u0( 1 1 )
	u0( 0 1 )
	u0( 1 0 )
	u0( 1 1 )
	u0( 0 1 )
	u0( 1 1 )
	u0( 1 0 )
	u0( 1 1 )
	u0( 0 1 )
	u0( 1 0 )
	u0( 1 1 )
	u0( 0 1 )
	u0( 1 0 )
	u0( 1 1 )
	u0( 0 1 )
	u0( 1 0 )
	u0( 1 1 )
	u0( 0 1 )
	u0( 1 0 )
	u0( 1 1 )
	u0( 0 1 )
	u0( 1 0 )
	u0( 1 1 )
	u0( 0 1 )
	u0( 1 0 )
	u0( 1 1 )
	u0( 1 0 )
	u0( 0 1 )
	u0( 1 0 )
	u0( 1 1 )
	u0( 1 0 )
	u0( 0 1 )
	u0( 1 0 )
	u0( 1 1 )
	u0( 0 1 )
	u0( 1 0 )
	u0( 1 1 )
	u0( 0 1 )
	u0( 1 0 )
	u0( 1 1 )
	u0( 1 0 )
	u0( 0 1 )
	u0( 1 1 )
	u0( 1 1 )
	u0( 0 1 )
	u0( 1 0 )
	u0( 1 1 )
	u0( 0 1 )
	u0( 1 0 )
	u0( 1 1 )
	u0( 1 0 )
	u0( 0 1 )
	u0( 1 1 )
	u0( 1 0 )
	u0( 1 1 )
	u0( 0 1 )
	u0( 1 1 )
	u0( 1 0 )
	u0( 1 1 )
	u0( 0 1 )
	u0( 1 1 )
	u0( 1 0 )
	u0( 1 1 )
	u0( 0 1 )
	u0( 1 0 )
	u0( 1 1 )
	u0( 0 1 )
	u0( 1 1 )
	u0( 1 0 )
	u0( 1 1 )
	u0( 0 1 )
	u0( 1 0 )
	u0( 1 1 )
	u0( 0 1 )
	u0( 1 0 )
	u0( 1 1 )
	u0( 0 1 )
	u0( 1 0 )
	u0( 1 1 )
	u0( 0 1 )
	u0( 1 0 )
	u0( 1 1 )
	u0( 0 1 )
	u0( 1 0 )
	u0( 1 1 )
	u0( 0 1 )
	u0( 1 1 )
	u0( 1 0 )
	u0( 1 1 )
	u0( 0 1 )
	u0( 1 0 )
	u0( 1 1 )
	u0( 0 1 )
	u0( 1 1 )
	u0( 1 0 )
	u0( 1 1 )
	u0( 0 1 )
	u0( 1 0 )
	u0( 1 1 )
	u0( 0 1 )
	u0( 1 0 )
	u0( 1 1 )
	u0( 0 1 )
	u0( 1 1 )
	u0( 0 1 )
	u0( 1 0 )
	u0( 1 1 )
	u0( 0 1 )
	u0( 1 0 )
	u0( 1 1 )
	u0( 0 1 )
	u0( 1 1 )
	u0( 1 0 )
	u0( 1 1 )
	u0( 0 1 )
	u0( 1 1 )
	u0( 1 0 )
	u0( 1 1 )
	u0( 0 1 )
	u0( 1 0 )
	u0( 1 1 )
	u0( 0 1 )
	u0( 1 0 )
	u0( 1 1 )
	u0( 0 1 )
	u0( 1 1 )
	u0( 1 0 )
	u0( 1 1 )
	u0( 1 0 )
	u0( 0 1 )
	u0( 1 0 )
	u0( 1 1 )
	u0( 1 0 )
	u0( 0 1 )
	u0( 1 1 )
	u0( 1 0 )
	u0( 1 1 )
	u0( 0 1 )
	u0( 1 0 )
	u0( 1 1 )
	u0( 0 1 )
	u0( 1 0 )
	u0( 1 1 )
	u0( 1 0 )
	u0( 0 1 )
	u0( 1 0 )
	u0( 1 1 )
	u0( 1 0 )
	u0( 0 1 )
	u0( 1 0 )
	u0( 1 1 )
	u0( 0 1 )
	u0( 1 0 )
	u0( 1 1 )
	u0( 0 1 )
	u0( 1 1 )
	u0( 1 0 )
	u0( 1 1 )
	u0( 0 1 )
	u0( 1 0 )
	u0( 1 1 )
	u0( 0 1 )
	u0( 1 1 )
	u0( 1 0 )
	u0( 1 1 )
	u0( 0 1 )
	u0( 1 0 )
	u0( 1 1 )
	u0( 0 1 )
	u0( 1 0 )
	u0( 1 1 )
	u0( 0 1 )
	u0( 1 0 )
	u0( 1 1 )
	u0( 0 1 )
	u0( 1 0 )
	u0( 1 1 )
	u0( 0 1 )
	u0( 1 0 )
	u0( 1 1 )
	u0( 0 1 )
	u0( 1 0 )
	u0( 1 1 )
	u0( 1 0 )
	u0( 0 1 )
	u0( 1 0 )
	u0( 1 1 )
	u0( 1 0 )
	u0( 0 1 )
	u0( 1 0 )
	u0( 1 1 )
	u0( 0 1 )
	u0( 1 0 )
	u0( 1 1 )
	u0( 0 1 )
	u0( 1 0 )
	u0( 1 1 )
	u0( 1 0 )
	u0( 0 1 )
	u0( 1 0 )
	u0( 1 1 )
	u0( 1 0 )
	u0( 0 1 )
	u0( 1 0 )
	u0( 1 1 )
	u0( 0 1 )
	u0( 1 0 )
	u0( 1 1 )
	u0( 0 1 )
	u0( 1 0 )
	u0( 1 1 )
	u0( 0 1 )
	u0( 1 0 )
	u0( 1 1 )
	u0( 0 1 )
	u0( 1 0 )
	u0( 1 1 )
	u0( 0 1 )
	u0( 1 0 )
	u0( 1 1 )
	u0( 0 1 )
	u0( 1 0 )
	u0( 1 1 )
	u0( 0 1 )
	u0( 1 0 )
	u0( 1 1 )
	u0( 0 1 )
	u0( 1 0 )
	u0( 1 1 )
	u0( 0 1 )
	u0( 1 0 )
	u0( 1 1 )
	u0( 0 1 )
	u0( 1 1 )
	u0( 1 0 )
	u0( 1 1 )
	u0( 0 1 )
	u0( 1 0 )
	u0( 1 1 )
	u0( 0 1 )
	u0( 1 1 )
	u0( 1 0 )
	u0( 1 1 )
	u0( 0 1 )
	u0( 1 0 )
	u0( 1 1 )
	u0( 0 1 )
	u0( 1 0 )
	u0( 1 1 )
	u0( 0 1 )
	u0( 1 0 )
	u0( 1 1 )
	u0( 0 1 )
	u0( 1 0 )
	u0( 1 1 )
	u0( 0 1 )
	u0( 1 0 )
	u0( 1 1 )
	u0( 0 1 )
	u0( 1 1 )
	u0( 1 0 )
	u0( 1 1 )
	u0( 0 1 )
	u0( 1 0 )
	u0( 1 1 )
	u0( 0 1 )
	u0( 1 1 )
	u0( 1 0 )
	u0( 1 1 )
	u0( 0 1 )
	u0( 1 0 )
	u0( 1 1 )
	u0( 0 1 )
	u0( 1 0 )
	u0( 1 1 )
	u0( 0 1 )
	u0( 1 0 )
	u0( 1 1 )
	u0( 0 1 )
	u0( 1 0 )
	u0( 1 1 )
	u0( 0 1 )
	u0( 1 0 )
	u0( 1 1 )
	u0( 0 1 )
	u0( 1 0 )
	u0( 1 1 )
	u0( 0 1 )
	u0( 1 0 )
	u0( 1 1 )
	u0( 0 1 )
	u0( 1 0 )
	u0( 1 1 )
	u0( 0 1 )
	u0( 1 0 )
	u0( 1 1 )
	u0( 0 1 )
	u0( 1 0 )
	u0( 1 1 )
	u0( 0 1 )
	u0( 1 0 )
	u0( 1 1 )
	u0( 0 1 )
	u0( 1 0 )
	u0( 1 1 )
	u0( 0 1 )
	u0( 1 0 )
	u0( 1 1 )
	u0( 0 1 )
	u0( 1 0 )
	u0( 1 1 )
	u0( 0 1 )
	u0( 1 0 )
	u0( 1 1 )
	u0( 0 1 )
	u0( 1 0 )
	u0( 1 1 )
	u0( 0 1 )
	u0( 1 0 )
	u0( 1 1 )
	u0( 0 1 )
	u0( 1 0 )
	u0( 1 1 )
	u0( 0 1 )
	u0( 1 0 )
	u0( 1 1 )
	u0( 0 1 )
	u0( 1 0 )
	u0( 1 1 )
	u0( 0 1 )
	u0( 1 0 )
	u0( 1 1 )
	u0( 0 1 )
	u0( 1 1 )
	u0( 1 0 )
	u0( 1 1 )
	u0( 1 0 )
	u0( 0 1 )
	u0( 1 0 )
	u0( 1 1 )
	u0( 1 0 )
	u0( 0 1 )
	u0( 1 1 )
	u0( 1 0 )
	u0( 1 1 )
	u0( 0 1 )
	u0( 1 0 )
	u0( 1 1 )
	u0( 0 1 )
	u0( 1 0 )
	u0( 1 1 )
	u0( 1 0 )
	u0( 0 1 )
	u0( 1 0 )
	u0( 1 1 )
	u0( 1 0 )
	u0( 0 1 )
	u0( 1 0 )
	u0( 1 1 )
	u0( 0 1 )
	u0( 1 0 )
	u0( 1 1 )
	u0( 0 1 )
	u0( 1 1 )
	u0( 1 0 )
	u0( 1 1 )
	u0( 0 1 )
	u0( 1 0 )
	u0( 1 1 )
	u0( 0 1 )
	u0( 1 1 )
	u0( 1 0 )
	u0( 1 1 )
	u0( 0 1 )
	u0( 1 0 )
	u0( 1 1 )
	u0( 0 1 )
	u0( 1 0 )
	u0( 1 1 )
	u0( 0 1 )
	u0( 1 0 )
	u0( 1 1 )
	u0( 0 1 )
	u0( 1 0 )
	u0( 1 1 )
	u0( 0 1 )
	u0( 1 0 )
	u0( 1 1 )
	u0( 0 1 )
	u0( 1 0 )
	u0( 1 1 )
	u0( 1 0 )
	u0( 0 1 )
	u0( 1 0 )
	u0( 1 1 )
	u0( 1 0 )
	u0( 0 1 )
	u0( 1 0 )
	u0( 1 1 )
	u0( 0 1 )
	u0( 1 0 )
	u0( 1 1 )
	u0( 0 1 )
	u0( 1 0 )
	u0( 1 1 )
	u0( 1 0 )
	u0( 0 1 )
	u0( 1 0 )
	u0( 1 1 )
	u0( 1 0 )
	u0( 0 1 )
	u0( 1 0 )
	u0( 1 1 )
	u0( 0 1 )
	u0( 1 0 )
	u0( 1 1 )
	u0( 0 1 )
	u0( 1 0 )
	u0( 1 1 )
	u0( 0 1 )
	u0( 1 0 )
	u0( 1 1 )
	u0( 0 1 )
	u0( 1 0 )
	u0( 1 1 )
	u0( 0 1 )
	u0( 1 0 )
	u0( 1 1 )
	u0( 0 1 )
	u0( 1 0 )
	u0( 1 1 )
	u0( 0 1 )
	u0( 1 0 )
	u0( 1 1 )
	u0( 0 1 )
	u0( 1 0 )
	u0( 1 1 )
	u0( 0 1 )
	u0( 1 0 )
	u0( 1 1 )
	u0( 0 1 )
	u0( 1 1 )
	u0( 1 0 )
	u0( 1 1 )
	u0( 0 1 )
	u0( 1 0 )
	u0( 1 1 )
	u0( 0 1 )
	u0( 1 1 )
	u0( 1 0 )
	u0( 1 1 )
	u0( 0 1 )
	u0( 1 0 )
	u0( 1 1 )
	u0( 0 1 )
	u0( 1 0 )
	u0( 1 1 )
	u0( 0 1 )
	u0( 1 0 )
	u0( 1 1 )
	u0( 0 1 )
	u0( 1 0 )
	u0( 1 1 )
	u0( 0 1 )
	u0( 1 0 )
	u0( 1 1 )
	u0( 0 1 )
	u0( 1 1 )
	u0( 1 0 )
	u0( 1 1 )
	u0( 0 1 )
	u0( 1 0 )
	u0( 1 1 )
	u0( 0 1 )
	u0( 1 1 )
	u0( 1 0 )
	u0( 1 1 )
	u0( 0 1 )
	u0( 1 0 )
	u0( 1 1 )
	u0( 0 1 )
	u0( 1 0 )
	u0( 1 1 )
	u0( 0 1 )
	u0( 1 0 )
	u0( 1 1 )
	u0( 0 1 )
	u0( 1 0 )
	u0( 1 1 )
	u0( 0 1 )
	u0( 1 0 )
	u0( 1 1 )
	u0( 0 1 )
	u0( 1 0 )
	u0( 1 1 )
	u0( 0 1 )
	u0( 1 0 )
	u0( 1 1 )
	u0( 0 1 )
	u0( 1 0 )
	u0( 1 1 )
	u0( 0 1 )
	u0( 1 0 )
	u0( 1 1 )
	u0( 0 1 )
	u0( 1 0 )
	u0( 1 1 )
	u0( 0 1 )
	u0( 1 0 )
	u0( 1 1 )
	u0( 0 1 )
	u0( 1 0 )
	u0( 1 1 )
	u0( 0 1 )
	u0( 1 0 )
	u0( 1 1 )
	u0( 0 1 )
	u0( 1 0 )
	u0( 1 1 )
	u0( 0 1 )
	u0( 1 0 )
	u0( 1 1 )
	u0( 0 1 )
	u0( 1 0 )
	u0( 1 1 )
	u0( 0 1 )
	u0( 1 0 )
	u0( 1 1 )
	u0( 0 1 )
	u0( 1 0 )
	u0( 1 1 )
	u0( 0 1 )
	u0( 1 0 )
	u0( 1 1 )
	u0( 0 1 )
	u0( 1 0 )
	u0( 1 1 )
	u0( 0 1 )
	u0( 1 0 )
	u0( 1 1 )
	u0( 1.75 1.25 )
	u0( 2 1.25 )
	u0( 2 1 )
	u0( 1.75 1 )
	u0( 1.5 1.25 )
	u0( 1.5 1 )
	u0( 2 0.75 )
	u0( 1.75 0.75 )
	u0( 1.5 0.75 )
	u0( 1.25 1.25 )
	u0( 1.25 1 )
	u0( 1 1.25 )
	u0( 1 1 )
	u0( 1.25 0.75 )
	u0( 1 0.75 )
	u0( 2 0.5 )
	u0( 1.75 0.5 )
	u0( 1.5 0.5 )
	u0( 2 0.32 )
	u0( 1.75 0.32 )
	u0( 1.5 0.32 )
	u0( 1.25 0.5 )
	u0( 1 0.5 )
	u0( 1.25 0.32 )
	u0( 1 0.32 )
	u0( 0.75 1.25 )
	u0( 0.75 1 )
	u0( 0.5 1.25 )
	u0( 0.5 1 )
	u0( 0.75 0.75 )
	u0( 0.5 0.75 )
	u0( 0.25 1.25 )
	u0( 0.25 1 )
	u0( 0 1.25 )
	u0( 0 1 )
	u0( 0.25 0.75 )
	u0( 0 0.75 )
	u0( 0.75 0.5 )
	u0( 0.5 0.5 )
	u0( 0.75 0.32 )
	u0( 0.5 0.32 )
	u0( 0.25 0.5 )
	u0( 0 0.5 )
	u0( 0.25 0.32 )
	u0( 0 0.32 )
	u0( 2 0 )
	u0( 1.75 0 )
	u0( 1.5 0 )
	u0( 2 -0.25 )
	u0( 1.75 -0.25 )
	u0( 1.5 -0.25 )
	u0( 1.25 0 )
	u0( 1 0 )
	u0( 1.25 -0.25 )
	u0( 1 -0.25 )
	u0( 2 -0.57 )
	u0( 1.75 -0.57 )
	u0( 1.5 -0.57 )
	u0( 2 -0.75 )
	u0( 1.75 -0.75 )
	u0( 1.5 -0.75 )
	u0( 1.25 -0.57 )
	u0( 1 -0.57 )
	u0( 1.25 -0.75 )
	u0( 1 -0.75 )
	u0( 0.75 0 )
	u0( 0.5 0 )
	u0( 0.75 -0.25 )
	u0( 0.5 -0.25 )
	u0( 0.25 0 )
	u0( 0 0 )
	u0( 0.25 -0.25 )
	u0( 0 -0.25 )
	u0( 0.75 -0.57 )
	u0( 0.5 -0.57 )
	u0( 0.75 -0.75 )
	u0( 0.5 -0.75 )
	u0( 0.25 -0.57 )
	u0( 0 -0.57 )
	u0( 0.25 -0.75 )
	u0( 0 -0.75 )
	u0( 0 1 )
	u0( 1 0 )
	u0( 0 0 )
	u0( 0 1 )
	u0( 1 0 )
	u0( 0 0 )
	u0( 0 1 )
	u0( 1 0 )
	u0( 0 0 )
	u0( 0 1 )
	u0( 1 0 )
	u0( 0 0 )
	u0( 0 1 )
	u0( 1 0 )
	u0( 0 0 )
	u0( 0 1 )
	u0( 1 0 )
	u0( 0 0 )
	u0( 0 1 )
	u0( 1 0 )
	u0( 0 0 )
	u0( 0 1 )
	u0( 1 0 )
	u0( 0 0 )
	u0( 1 0 )
	u0( 0 0 )
	u0( 0 1 )
	u0( 1 0 )
	u0( 0 0 )
	u0( 1 0 )
	u0( 0 0 )
	u0( 1 0 )
	u0( 0 0 )
	u0( 1 0 )
	u0( 0 0 )
	u0( 1 1 )
	u0( 1 0 )
	u0( 0 0 )
	u0( 1 0 )
	u0( 0 0 )
	u0( 1 0 )
	u0( 0 0 )
	u0( 1 0 )
	u0( 0 0 )
	u0( 0 1 )
	u0( 1 0 )
	u0( 0 0 )
	u0( 1 0 )
	u0( 0 0 )
	u0( 1 0 )
	u0( 0 0 )
	u0( 1 0 )
	u0( 0 0 )
	u0( 1 1 )
	u0( 1 0 )
	u0( 0 0 )
	u0( 1 0 )
	u0( 0 0 )
	u0( 1 0 )
	u0( 0 0 )
	u0( 0.75 1.25 )
	u0( 1 1.25 )
	u0( 1 1 )
	u0( 0 1 )
	u0( 0.5 1.25 )
	u0( 0.75 1.25 )
	u0( 0.75 1 )
	u0( 0 1 )
	u0( 0 1.25 )
	u0( 0.25 1.25 )
	u0( 0.25 1 )
	u0( 0 1 )
	u0( 0.25 1.25 )
	u0( 0.5 1.25 )
	u0( 0.5 1 )
	u0( 0 1 )
	u0( 1 1.25 )
	u0( 1.25 1.25 )
	u0( 1.25 1 )
	u0( 0 1 )
	u0( 1.25 1.25 )
	u0( 1.5 1.25 )
	u0( 1.5 1 )
	u0( 0 1 )
	u0( 1.5 1.25 )
	u0( 1.75 1.25 )
	u0( 1.75 1 )
	u0( 0 1 )
	u0( 1.75 1.25 )
	u0( 2 1.25 )
	u0( 2 1 )
	u0( 0 1 )
	ng( 5 )
	g( "floor" )
	mt( "material/simpleFloor" )
	ni( 253 5 )
	i( 3 938 938 937 )
	i( 3 939 940 940 )
	i( 3 800 800 800 )
	i( 3 796 799 799 )
	i( 3 805 805 805 )
	i( 3 800 801 799 )
	i( 3 803 803 797 )
	i( 3 797 796 798 )
	i( 3 799 802 803 )
	i( 3 811 812 814 )
	i( 3 815 841 842 )
	i( 3 842 846 846 )
	i( 3 845 843 842 )
	i( 3 816 815 813 )
	i( 3 812 804 803 )
	i( 3 804 801 806 )
	i( 3 806 810 810 )
	i( 3 808 809 806 )
	i( 3 809 804 809 )
	i( 3 813 817 816 )
	i( 3 819 843 847 )
	i( 3 846 846 809 )
	i( 3 809 809 810 )
	i( 3 817 818 819 )
	i( 3 820 847 820 )
	i( 3 848 835 861 )
	i( 3 836 862 839 )
	i( 3 865 865 810 )
	i( 3 810 810 825 )
	i( 3 818 833 820 )
	i( 3 833 835 834 )
	i( 3 836 836 825 )
	i( 3 825 825 826 )
	i( 3 833 834 834 )
	i( 3 839 839 836 )
	i( 3 837 834 831 )
	i( 3 826 828 826 )
	i( 3 824 825 822 )
	i( 3 810 808 808 )
	i( 3 801 801 806 )
	i( 3 805 806 807 )
	i( 3 808 821 822 )
	i( 3 823 824 827 )
	i( 3 828 829 829 )
	i( 3 829 829 829 )
	i( 3 828 830 831 )
	i( 3 832 837 838 )
	i( 3 839 840 865 )
	i( 3 866 867 868 )
	i( 3 873 874 874 )
	i( 3 846 846 847 )
	i( 3 849 848 850 )
	i( 3 861 863 862 )
	i( 3 864 865 864 )
	i( 3 867 870 873 )
	i( 3 873 870 870 )
	i( 3 870 864 869 )
	i( 3 863 858 850 )
	i( 3 857 849 853 )
	i( 3 846 852 846 )
	i( 3 845 845 841 )
	i( 3 841 842 844 )
	i( 3 845 851 852 )
	i( 3 854 852 855 )
	i( 3 853 856 857 )
	i( 3 859 859 857 )
	i( 3 857 859 858 )
	i( 3 860 869 871 )
	i( 3 870 872 873 )
	i( 3 875 874 876 )
	i( 3 876 942 942 )
	i( 3 942 941 943 )
	i( 3 944 944 946 )
	i( 3 946 945 947 )
	i( 3 948 948 950 )
	i( 3 950 949 951 )
	i( 3 952 952 954 )
	i( 3 954 953 955 )
	i( 3 956 956 958 )
	i( 3 958 957 959 )
	i( 3 960 960 962 )
	i( 3 962 961 963 )
	i( 3 964 964 966 )
	i( 3 966 965 967 )
	i( 1 968 )
	g( "ceiling" )
	mt( "material/simpleCeiling" )
	ni( 432 4 )
	i( 3 15 16 17 )
	i( 3 15 18 19 )
	i( 3 20 18 21 )
	i( 3 20 22 23 )
	i( 3 24 25 26 )
	i( 3 24 27 17 )
	i( 3 28 27 29 )
	i( 3 28 30 21 )
	i( 3 31 22 32 )
	i( 3 31 33 34 )
	i( 3 35 33 36 )
	i( 3 35 37 38 )
	i( 3 39 30 40 )
	i( 3 39 41 32 )
	i( 3 42 41 43 )
	i( 3 42 44 36 )
	i( 3 45 46 47 )
	i( 3 45 48 26 )
	i( 3 49 48 50 )
	i( 3 49 51 29 )
	i( 3 52 53 54 )
	i( 3 52 55 47 )
	i( 3 56 55 57 )
	i( 3 56 58 50 )
	i( 3 59 51 60 )
	i( 3 59 61 40 )
	i( 3 62 61 63 )
	i( 3 62 64 43 )
	i( 3 65 58 66 )
	i( 3 65 67 60 )
	i( 3 68 67 69 )
	i( 3 68 70 63 )
	i( 3 71 37 72 )
	i( 3 71 73 74 )
	i( 3 75 73 76 )
	i( 3 75 77 78 )
	i( 3 79 44 80 )
	i( 3 79 81 72 )
	i( 3 82 81 83 )
	i( 3 82 84 76 )
	i( 3 85 77 86 )
	i( 3 85 87 88 )
	i( 3 89 87 90 )
	i( 3 89 91 92 )
	i( 3 93 84 94 )
	i( 3 93 95 86 )
	i( 3 96 95 97 )
	i( 3 96 98 90 )
	i( 3 99 64 100 )
	i( 3 99 101 80 )
	i( 3 102 101 103 )
	i( 3 102 104 83 )
	i( 3 105 70 106 )
	i( 3 105 107 100 )
	i( 3 108 107 109 )
	i( 3 108 110 103 )
	i( 3 111 104 112 )
	i( 3 111 113 94 )
	i( 3 114 113 115 )
	i( 3 114 116 97 )
	i( 3 117 110 118 )
	i( 3 117 119 112 )
	i( 3 120 119 121 )
	i( 3 120 122 115 )
	i( 3 123 124 125 )
	i( 3 123 126 54 )
	i( 3 127 126 128 )
	i( 3 127 129 57 )
	i( 3 130 131 132 )
	i( 3 130 133 125 )
	i( 3 134 133 135 )
	i( 3 134 136 128 )
	i( 3 137 129 138 )
	i( 3 137 139 66 )
	i( 3 140 139 141 )
	i( 3 140 142 69 )
	i( 3 143 136 144 )
	i( 3 143 145 138 )
	i( 3 146 145 147 )
	i( 3 146 148 141 )
	i( 3 149 150 151 )
	i( 3 149 152 132 )
	i( 3 153 152 154 )
	i( 3 153 155 135 )
	i( 3 156 157 158 )
	i( 3 156 159 151 )
	i( 3 160 159 161 )
	i( 3 160 162 154 )
	i( 3 163 155 164 )
	i( 3 163 165 144 )
	i( 3 166 165 167 )
	i( 3 166 168 147 )
	i( 3 169 162 170 )
	i( 3 169 171 164 )
	i( 3 172 171 173 )
	i( 3 172 174 167 )
	i( 3 175 142 176 )
	i( 3 175 177 106 )
	i( 3 178 177 179 )
	i( 3 178 180 109 )
	i( 3 181 148 182 )
	i( 3 181 183 176 )
	i( 3 184 183 185 )
	i( 3 184 186 179 )
	i( 3 187 180 188 )
	i( 3 187 189 118 )
	i( 3 190 189 191 )
	i( 3 190 192 121 )
	i( 3 193 186 194 )
	i( 3 193 195 188 )
	i( 3 196 195 197 )
	i( 3 196 198 191 )
	i( 3 199 168 200 )
	i( 3 199 201 182 )
	i( 3 202 201 203 )
	i( 3 202 204 185 )
	i( 3 205 174 206 )
	i( 3 205 207 200 )
	i( 3 208 207 209 )
	i( 3 208 210 203 )
	i( 3 211 204 212 )
	i( 3 211 213 194 )
	i( 3 214 213 215 )
	i( 3 214 216 197 )
	i( 3 217 210 218 )
	i( 3 217 219 212 )
	i( 3 220 219 221 )
	i( 3 220 222 215 )
	i( 3 156 131 919 )
	i( 3 156 919 920 )
	i( 3 921 150 922 )
	i( 3 921 922 923 )
	i( 3 149 124 924 )
	i( 3 149 924 925 )
	i( 3 130 53 926 )
	i( 3 130 926 927 )
	i( 3 45 16 928 )
	i( 3 45 928 929 )
	i( 3 24 930 931 )
	i( 3 24 931 932 )
	i( 3 52 25 933 )
	i( 3 52 933 934 )
	i( 3 123 46 935 )
	i( 3 123 935 936 )
	g( "rightWall" )
	mt( "material/simpleMaterial" )
	ni( 345 4 )
	i( 3 0 1 2 )
	i( 3 3 4 5 )
	i( 3 6 7 2 )
	i( 3 6 8 9 )
	i( 3 3 8 10 )
	i( 3 3 11 12 )
	i( 3 3 13 14 )
	i( 3 223 224 225 )
	i( 3 223 226 227 )
	i( 3 228 226 229 )
	i( 3 228 230 231 )
	i( 3 232 233 234 )
	i( 3 232 235 225 )
	i( 3 236 235 237 )
	i( 3 236 238 229 )
	i( 3 239 230 240 )
	i( 3 239 241 242 )
	i( 3 243 241 244 )
	i( 3 243 245 246 )
	i( 3 247 238 248 )
	i( 3 247 249 240 )
	i( 3 250 249 251 )
	i( 3 250 252 244 )
	i( 3 253 254 255 )
	i( 3 253 256 234 )
	i( 3 257 256 258 )
	i( 3 257 259 237 )
	i( 3 260 261 262 )
	i( 3 260 263 255 )
	i( 3 264 263 265 )
	i( 3 264 266 258 )
	i( 3 267 259 268 )
	i( 3 267 269 248 )
	i( 3 270 269 271 )
	i( 3 270 272 251 )
	i( 3 273 266 274 )
	i( 3 273 275 268 )
	i( 3 276 275 277 )
	i( 3 276 278 271 )
	i( 3 279 245 280 )
	i( 3 279 281 282 )
	i( 3 283 281 284 )
	i( 3 283 285 286 )
	i( 3 287 252 288 )
	i( 3 287 289 280 )
	i( 3 290 289 291 )
	i( 3 290 292 284 )
	i( 3 293 285 294 )
	i( 3 293 295 296 )
	i( 3 297 298 296 )
	i( 3 297 299 294 )
	i( 3 300 292 301 )
	i( 3 300 302 294 )
	i( 3 303 302 304 )
	i( 3 303 305 306 )
	i( 3 307 308 309 )
	i( 3 307 310 304 )
	i( 3 311 312 313 )
	i( 3 311 314 309 )
	i( 3 315 316 317 )
	i( 3 315 318 262 )
	i( 3 319 318 320 )
	i( 3 319 321 265 )
	i( 3 322 323 324 )
	i( 3 322 325 317 )
	i( 3 326 325 327 )
	i( 3 326 328 320 )
	i( 3 329 321 330 )
	i( 3 329 331 274 )
	i( 3 332 331 333 )
	i( 3 332 334 277 )
	i( 3 335 328 336 )
	i( 3 335 337 330 )
	i( 3 338 337 339 )
	i( 3 338 340 333 )
	i( 3 341 342 343 )
	i( 3 341 344 324 )
	i( 3 345 344 346 )
	i( 3 345 347 327 )
	i( 3 348 349 350 )
	i( 3 348 351 343 )
	i( 3 352 351 353 )
	i( 3 352 354 346 )
	i( 3 355 347 356 )
	i( 3 355 357 336 )
	i( 3 358 357 2 )
	i( 3 358 359 339 )
	i( 3 360 354 361 )
	i( 3 360 362 356 )
	i( 3 363 362 364 )
	i( 3 363 365 2 )
	i( 3 366 367 368 )
	i( 3 366 369 313 )
	i( 3 370 371 372 )
	i( 3 370 373 368 )
	i( 3 374 11 375 )
	i( 3 374 376 372 )
	i( 3 377 4 378 )
	i( 3 377 379 375 )
	i( 3 348 323 901 )
	i( 3 348 901 902 )
	i( 3 903 342 904 )
	i( 3 903 904 905 )
	i( 3 341 316 906 )
	i( 3 341 906 907 )
	i( 3 322 261 908 )
	i( 3 322 908 909 )
	i( 3 253 224 910 )
	i( 3 253 910 911 )
	i( 3 232 912 913 )
	i( 3 232 913 914 )
	i( 3 260 233 915 )
	i( 3 260 915 916 )
	i( 3 315 254 917 )
	i( 3 315 917 918 )
	g( "leftWall" )
	mt( "material/simpleMaterial" )
	ni( 432 4 )
	i( 3 380 381 382 )
	i( 3 380 383 384 )
	i( 3 385 383 386 )
	i( 3 385 387 388 )
	i( 3 389 390 391 )
	i( 3 389 392 382 )
	i( 3 393 392 394 )
	i( 3 393 395 386 )
	i( 3 396 387 397 )
	i( 3 396 398 399 )
	i( 3 400 398 401 )
	i( 3 400 402 403 )
	i( 3 404 395 405 )
	i( 3 404 406 397 )
	i( 3 407 406 408 )
	i( 3 407 409 401 )
	i( 3 410 411 412 )
	i( 3 410 413 391 )
	i( 3 414 413 415 )
	i( 3 414 416 394 )
	i( 3 417 418 419 )
	i( 3 417 420 412 )
	i( 3 421 420 422 )
	i( 3 421 423 415 )
	i( 3 424 416 425 )
	i( 3 424 426 405 )
	i( 3 427 426 428 )
	i( 3 427 429 408 )
	i( 3 430 423 431 )
	i( 3 430 432 425 )
	i( 3 433 432 434 )
	i( 3 433 435 428 )
	i( 3 436 402 437 )
	i( 3 436 438 439 )
	i( 3 440 438 441 )
	i( 3 440 442 443 )
	i( 3 444 409 445 )
	i( 3 444 446 437 )
	i( 3 447 446 448 )
	i( 3 447 449 441 )
	i( 3 450 442 451 )
	i( 3 450 452 453 )
	i( 3 454 452 455 )
	i( 3 454 456 457 )
	i( 3 458 449 459 )
	i( 3 458 460 451 )
	i( 3 461 460 462 )
	i( 3 461 463 455 )
	i( 3 464 429 465 )
	i( 3 464 466 445 )
	i( 3 467 466 468 )
	i( 3 467 469 448 )
	i( 3 470 435 471 )
	i( 3 470 472 465 )
	i( 3 473 472 474 )
	i( 3 473 475 468 )
	i( 3 476 469 477 )
	i( 3 476 478 459 )
	i( 3 479 478 480 )
	i( 3 479 481 462 )
	i( 3 482 475 483 )
	i( 3 482 484 477 )
	i( 3 485 484 486 )
	i( 3 485 487 480 )
	i( 3 488 489 490 )
	i( 3 488 491 419 )
	i( 3 492 491 493 )
	i( 3 492 494 422 )
	i( 3 495 496 497 )
	i( 3 495 498 490 )
	i( 3 499 498 500 )
	i( 3 499 501 493 )
	i( 3 502 494 503 )
	i( 3 502 504 431 )
	i( 3 505 504 506 )
	i( 3 505 507 434 )
	i( 3 508 501 509 )
	i( 3 508 510 503 )
	i( 3 511 510 512 )
	i( 3 511 513 506 )
	i( 3 514 515 516 )
	i( 3 514 517 497 )
	i( 3 518 517 519 )
	i( 3 518 520 500 )
	i( 3 521 522 523 )
	i( 3 521 524 516 )
	i( 3 525 524 526 )
	i( 3 525 527 519 )
	i( 3 528 520 529 )
	i( 3 528 530 509 )
	i( 3 531 530 532 )
	i( 3 531 533 512 )
	i( 3 534 527 535 )
	i( 3 534 536 529 )
	i( 3 537 536 538 )
	i( 3 537 539 532 )
	i( 3 540 507 541 )
	i( 3 540 542 471 )
	i( 3 543 542 544 )
	i( 3 543 545 474 )
	i( 3 546 513 547 )
	i( 3 546 548 541 )
	i( 3 549 548 550 )
	i( 3 549 551 544 )
	i( 3 552 545 553 )
	i( 3 552 554 483 )
	i( 3 555 554 556 )
	i( 3 555 557 486 )
	i( 3 558 551 559 )
	i( 3 558 560 553 )
	i( 3 561 560 562 )
	i( 3 561 563 556 )
	i( 3 564 533 565 )
	i( 3 564 566 547 )
	i( 3 567 566 568 )
	i( 3 567 569 550 )
	i( 3 570 539 571 )
	i( 3 570 572 565 )
	i( 3 573 572 574 )
	i( 3 573 575 568 )
	i( 3 576 569 577 )
	i( 3 576 578 559 )
	i( 3 579 578 580 )
	i( 3 579 581 562 )
	i( 3 582 575 583 )
	i( 3 582 584 577 )
	i( 3 585 584 586 )
	i( 3 585 587 580 )
	i( 3 877 587 878 )
	i( 3 877 878 879 )
	i( 3 880 581 881 )
	i( 3 880 881 882 )
	i( 3 883 557 884 )
	i( 3 883 884 885 )
	i( 3 886 563 887 )
	i( 3 886 887 888 )
	i( 3 889 456 890 )
	i( 3 889 890 891 )
	i( 3 892 463 893 )
	i( 3 892 893 894 )
	i( 3 895 487 896 )
	i( 3 895 896 897 )
	i( 3 898 481 899 )
	i( 3 898 899 900 )
	g( "rearWall" )
	mt( "material/simpleMaterial" )
	ni( 384 4 )
	i( 3 588 589 590 )
	i( 3 588 591 592 )
	i( 3 593 591 594 )
	i( 3 593 595 596 )
	i( 3 597 598 599 )
	i( 3 597 600 590 )
	i( 3 601 600 602 )
	i( 3 601 603 594 )
	i( 3 604 595 605 )
	i( 3 604 606 607 )
	i( 3 608 606 609 )
	i( 3 608 610 611 )
	i( 3 612 603 613 )
	i( 3 612 614 605 )
	i( 3 615 614 616 )
	i( 3 615 617 609 )
	i( 3 618 619 620 )
	i( 3 618 621 599 )
	i( 3 622 621 623 )
	i( 3 622 624 602 )
	i( 3 625 626 627 )
	i( 3 625 628 620 )
	i( 3 629 628 630 )
	i( 3 629 631 623 )
	i( 3 632 624 633 )
	i( 3 632 634 613 )
	i( 3 635 634 636 )
	i( 3 635 637 616 )
	i( 3 638 631 639 )
	i( 3 638 640 633 )
	i( 3 641 640 642 )
	i( 3 641 643 636 )
	i( 3 644 610 645 )
	i( 3 644 646 647 )
	i( 3 648 646 649 )
	i( 3 648 650 651 )
	i( 3 652 617 653 )
	i( 3 652 654 645 )
	i( 3 655 654 656 )
	i( 3 655 657 649 )
	i( 3 658 650 659 )
	i( 3 658 660 661 )
	i( 3 662 660 663 )
	i( 3 662 664 665 )
	i( 3 666 657 667 )
	i( 3 666 668 659 )
	i( 3 669 668 670 )
	i( 3 669 671 663 )
	i( 3 672 637 673 )
	i( 3 672 674 653 )
	i( 3 675 674 676 )
	i( 3 675 677 656 )
	i( 3 678 643 679 )
	i( 3 678 680 673 )
	i( 3 681 680 682 )
	i( 3 681 683 676 )
	i( 3 684 677 685 )
	i( 3 684 686 667 )
	i( 3 687 686 688 )
	i( 3 687 689 670 )
	i( 3 690 683 691 )
	i( 3 690 692 685 )
	i( 3 693 692 694 )
	i( 3 693 695 688 )
	i( 3 696 697 698 )
	i( 3 696 699 627 )
	i( 3 700 699 701 )
	i( 3 700 702 630 )
	i( 3 703 704 705 )
	i( 3 703 706 698 )
	i( 3 707 706 708 )
	i( 3 707 709 701 )
	i( 3 710 702 711 )
	i( 3 710 712 639 )
	i( 3 713 712 714 )
	i( 3 713 715 642 )
	i( 3 716 709 717 )
	i( 3 716 718 711 )
	i( 3 719 718 720 )
	i( 3 719 721 714 )
	i( 3 722 723 724 )
	i( 3 722 725 705 )
	i( 3 726 725 727 )
	i( 3 726 728 708 )
	i( 3 729 730 731 )
	i( 3 729 732 724 )
	i( 3 733 732 734 )
	i( 3 733 735 727 )
	i( 3 736 728 737 )
	i( 3 736 738 717 )
	i( 3 739 738 740 )
	i( 3 739 741 720 )
	i( 3 742 735 743 )
	i( 3 742 744 737 )
	i( 3 745 744 746 )
	i( 3 745 747 740 )
	i( 3 748 715 749 )
	i( 3 748 750 679 )
	i( 3 751 750 752 )
	i( 3 751 753 682 )
	i( 3 754 721 755 )
	i( 3 754 756 749 )
	i( 3 757 756 758 )
	i( 3 757 759 752 )
	i( 3 760 753 761 )
	i( 3 760 762 691 )
	i( 3 763 762 764 )
	i( 3 763 765 694 )
	i( 3 766 759 767 )
	i( 3 766 768 761 )
	i( 3 769 768 770 )
	i( 3 769 771 764 )
	i( 3 772 741 773 )
	i( 3 772 774 755 )
	i( 3 775 774 776 )
	i( 3 775 777 758 )
	i( 3 778 747 779 )
	i( 3 778 780 773 )
	i( 3 781 780 782 )
	i( 3 781 783 776 )
	i( 3 784 777 785 )
	i( 3 784 786 767 )
	i( 3 787 786 788 )
	i( 3 787 789 770 )
	i( 3 790 783 791 )
	i( 3 790 792 785 )
	i( 3 793 792 794 )
	i( 3 793 795 788 )
}
