object( "object/shirtFrame" )
{
	l( 2.78 5.363 2.072 )
	ra( 1.173 )
	fl( 1 )
	di( 0.75 0.05 0.9 )
	displayName( "Shirt Frame" )
	pathSuffix( "ShirtFrame" )
	tag( 4 )
	getSound( "shirtFrameGet.ogg" )
	putSound( "shirtFramePut.ogg" )
	vb( 2816 1056 0 2112 0 )
	v( -0.342 -0.006 -0.287 )
	v( -0.36 -0.006 -0.581 )
	v( -0.081 -0.006 -0.596 )
	v( -0.341 -0.006 0.168 )
	v( -0.578 -0.006 0.168 )
	v( -0.495 -0.006 0.054 )
	v( -0.083 -0.006 0.418 )
	v( -0.192 -0.006 0.509 )
	v( 0 -0.006 0.395 )
	v( 0.341 -0.006 0.168 )
	v( 0.083 -0.006 0.418 )
	v( 0.192 -0.006 0.509 )
	v( 0.495 -0.006 0.054 )
	v( 0.578 -0.006 0.168 )
	v( 0 0.01 0 )
	v( 0.71 0.01 0.86 )
	v( -0.71 0.01 0.86 )
	v( 0.71 0.01 0.86 )
	v( 0 0.01 0 )
	v( 0.71 0.01 -0.86 )
	v( 0.412 -0.006 0.509 )
	v( 0.245 -0.006 0.592 )
	v( -0.412 -0.006 0.509 )
	v( -0.247 -0.006 0.596 )
	v( 0.71 -0.02 0.86 )
	v( 0.71 -0.02 -0.86 )
	v( 0.71 -0.05 -0.86 )
	v( 0.71 -0.05 0.86 )
	v( 0.342 -0.006 -0.287 )
	v( 0.36 -0.006 -0.581 )
	v( -0.33 -0.006 -0.06 )
	v( 0.33 -0.006 -0.06 )
	v( 0.33 -0.006 0.054 )
	v( -0.33 -0.006 0.054 )
	v( -0.663 -0.006 0.293 )
	v( -0.545 -0.006 0.398 )
	v( 0.66 -0.006 0.282 )
	v( 0.557 -0.006 0.372 )
	v( -0.71 -0.05 0.86 )
	v( -0.71 -0.05 -0.86 )
	v( -0.71 0.01 -0.86 )
	v( -0.71 0.01 0.86 )
	v( 0.71 -0.05 0.86 )
	v( -0.71 -0.05 0.86 )
	v( -0.71 0.01 0.86 )
	v( 0.71 0.01 0.86 )
	v( -0.71 -0.05 -0.86 )
	v( 0.71 -0.05 -0.86 )
	v( 0.71 0.01 -0.86 )
	v( -0.71 0.01 -0.86 )
	v( -0.75 -0.05 -0.9 )
	v( 0.75 -0.05 -0.9 )
	v( 0.71 -0.05 -0.86 )
	v( -0.71 -0.05 -0.86 )
	v( 0.75 -0.05 0.9 )
	v( -0.75 -0.05 0.9 )
	v( -0.71 -0.05 0.86 )
	v( 0.71 -0.05 0.86 )
	v( 0.75 -0.05 -0.9 )
	v( 0.75 -0.05 0.9 )
	v( 0.71 -0.05 0.86 )
	v( 0.71 -0.05 -0.86 )
	v( -0.75 -0.05 0.9 )
	v( -0.75 -0.05 -0.9 )
	v( -0.71 -0.05 -0.86 )
	v( -0.71 -0.05 0.86 )
	v( -0.75 -0.05 -0.9 )
	v( -0.75 -0.05 0.9 )
	v( -0.75 0.05 0.9 )
	v( -0.75 0.05 -0.9 )
	v( 0.75 0.05 -0.9 )
	v( 0.75 0.05 0.9 )
	v( 0.75 -0.05 0.9 )
	v( 0.75 -0.05 -0.9 )
	v( 0.75 0.05 0.9 )
	v( -0.75 0.05 0.9 )
	v( -0.75 -0.05 0.9 )
	v( 0.75 -0.05 0.9 )
	v( 0.75 0.05 -0.9 )
	v( 0.75 -0.05 -0.9 )
	v( -0.75 -0.05 -0.9 )
	v( -0.75 0.05 -0.9 )
	v( -0.71 0.01 -0.86 )
	v( -0.71 -0.02 0.86 )
	v( 0 -0.02 0 )
	v( 0.71 -0.02 0.86 )
	v( 0.71 -0.02 -0.86 )
	v( -0.71 -0.02 -0.86 )
	n( 0 -1 0 )
	n( 0 -1 0 )
	n( 0 -1 0 )
	n( 0 -1 0 )
	n( 0 -1 0 )
	n( 0 -1 0 )
	n( 0 -1 0 )
	n( 0 -1 0 )
	n( 0 -1 0 )
	n( 0 -1 0 )
	n( 0 -1 0 )
	n( 0 -1 0 )
	n( 0 -1 0 )
	n( 0 -1 0 )
	n( 0 -1 0 )
	n( 0 -1 0 )
	n( 0 -1 0 )
	n( 0 -1 0 )
	n( 0 -1 0 )
	n( 0 -1 0 )
	n( 0 -1 0 )
	n( 0 -1 0 )
	n( 0 -1 0 )
	n( 0 -1 0 )
	n( -1 0 0 )
	n( -1 0 0 )
	n( -1 0 0 )
	n( -1 0 0 )
	n( 0 -1 0 )
	n( 0 -1 0 )
	n( 0 -1 0 )
	n( 0 -1 0 )
	n( 0 -1 0 )
	n( 0 -1 0 )
	n( 0 -1 0 )
	n( 0 -1 0 )
	n( 0 -1 0 )
	n( 0 -1 0 )
	n( 1 0 0 )
	n( 1 0 0 )
	n( 1 0 0 )
	n( 1 0 0 )
	n( 0 0 -1 )
	n( 0 0 -1 )
	n( 0 0 -1 )
	n( 0 0 -1 )
	n( 0 0 1 )
	n( 0 0 1 )
	n( 0 0 1 )
	n( 0 0 1 )
	n( 0 -1 0 )
	n( 0 -1 0 )
	n( 0 -1 0 )
	n( 0 -1 0 )
	n( 0 -1 0 )
	n( 0 -1 0 )
	n( 0 -1 0 )
	n( 0 -1 0 )
	n( 0 -1 0 )
	n( 0 -1 0 )
	n( 0 -1 0 )
	n( 0 -1 0 )
	n( 0 -1 0 )
	n( 0 -1 0 )
	n( 0 -1 0 )
	n( 0 -1 0 )
	n( -1 0 0 )
	n( -1 0 0 )
	n( -1 0 0 )
	n( -1 0 0 )
	n( 1 0 0 )
	n( 1 0 0 )
	n( 1 0 0 )
	n( 1 0 0 )
	n( 0 0 1 )
	n( 0 0 1 )
	n( 0 0 1 )
	n( 0 0 1 )
	n( 0 0 -1 )
	n( 0 0 -1 )
	n( 0 0 -1 )
	n( 0 0 -1 )
	n( 0 -1 0 )
	n( 0 -1 0 )
	n( 0 -1 0 )
	n( 0 -1 0 )
	n( 0 -1 0 )
	n( 0 -1 0 )
	u0( 0.099 0.708 )
	u0( 0.079 0.96 )
	u0( 0.205 0.959 )
	u0( 0.1 0.343 )
	u0( 0.053 0.396 )
	u0( 0.09 0.4 )
	u0( 0.216 0.125 )
	u0( 0.194 0.071 )
	u0( 0.242 0.15 )
	u0( 0.375 0.343 )
	u0( 0.271 0.149 )
	u0( 0.316 0.128 )
	u0( 0.411 0.48 )
	u0( 0.446 0.471 )
	u0( 0.5 1 )
	u0( 1 1 )
	u0( 1 0 )
	u0( 1 0 )
	u0( 1 0.5 )
	u0( 0 1 )
	u0( 0.406 0.158 )
	u0( 0.338 0.081 )
	u0( 0.08 0.088 )
	u0( 0.174 0.036 )
	u0( 0 1 )
	u0( 0 0 )
	u0( 1 0 )
	u0( 1 1 )
	u0( 0.368 0.708 )
	u0( 0.378 0.96 )
	u0( 0.105 0.527 )
	u0( 0.371 0.527 )
	u0( 0.371 0.435 )
	u0( 0.105 0.435 )
	u0( 0.011 0.364 )
	u0( 0.046 0.227 )
	u0( 0.487 0.452 )
	u0( 0.451 0.261 )
	u0( 0 1 )
	u0( 1 1 )
	u0( 1 0 )
	u0( 0 0 )
	u0( 0 1 )
	u0( 1 1 )
	u0( 1 0 )
	u0( 0 0 )
	u0( 0 1 )
	u0( 1 1 )
	u0( 1 0 )
	u0( 0 0 )
	u0( 0 1 )
	u0( 1 1 )
	u0( 1 0 )
	u0( 0 0 )
	u0( 0 1 )
	u0( 1 1 )
	u0( 1 0 )
	u0( 0 0 )
	u0( 0 1 )
	u0( 1 1 )
	u0( 1 0 )
	u0( 0 0 )
	u0( 0 1 )
	u0( 1 1 )
	u0( 1 0 )
	u0( 0 0 )
	u0( 0 1 )
	u0( 1 1 )
	u0( 1 0 )
	u0( 0 0 )
	u0( 0 1 )
	u0( 1 1 )
	u0( 1 0 )
	u0( 0 0 )
	u0( 0 1 )
	u0( 1 1 )
	u0( 1 0 )
	u0( 0 0 )
	u0( 0 1 )
	u0( 1 1 )
	u0( 1 0 )
	u0( 0 0 )
	u0( 0 1 )
	u0( 1 1 )
	u0( 1 0.5 )
	u0( 0 1 )
	u0( 1 0 )
	u0( 1 0 )
	ng( 4 )
	g( "wallShirt" )
	mt( "material/wallShirt" )
	ni( 61 5 )
	i( 3 2 29 28 )
	i( 3 28 1 1 )
	i( 3 1 2 0 )
	i( 3 28 30 31 )
	i( 3 30 32 33 )
	i( 3 32 3 9 )
	i( 3 8 9 10 )
	i( 3 9 11 20 )
	i( 3 21 21 8 )
	i( 3 8 3 6 )
	i( 3 7 7 12 )
	i( 3 12 12 13 )
	i( 3 9 37 20 )
	i( 3 20 36 36 )
	i( 3 36 37 13 )
	i( 3 13 23 23 )
	i( 3 7 22 3 )
	i( 3 35 3 4 )
	i( 3 5 5 34 )
	i( 3 34 34 4 )
	i( 1 35 )
	g( "shirtGlass" )
	mt( "material/glassDoor" )
	ni( 8 5 )
	i( 3 83 84 85 )
	i( 3 84 86 84 )
	i( 2 87 83 )
	g( "frameEdge" )
	mt( "material/blackMetalShelf" )
	ni( 71 5 )
	i( 3 25 25 24 )
	i( 3 26 27 27 )
	i( 3 39 39 38 )
	i( 3 40 41 41 )
	i( 3 43 43 42 )
	i( 3 44 45 45 )
	i( 3 47 47 46 )
	i( 3 48 49 49 )
	i( 3 51 51 50 )
	i( 3 52 53 53 )
	i( 3 55 55 54 )
	i( 3 56 57 57 )
	i( 3 59 59 58 )
	i( 3 60 61 61 )
	i( 3 63 63 62 )
	i( 3 64 65 65 )
	i( 3 67 67 66 )
	i( 3 68 69 69 )
	i( 3 71 71 70 )
	i( 3 72 73 73 )
	i( 3 75 75 74 )
	i( 3 76 77 77 )
	i( 3 79 79 78 )
	i( 2 80 81 )
	g( "whiteBack" )
	mt( "material/simpleCeiling" )
	ni( 12 5 )
	i( 3 14 15 16 )
	i( 3 16 17 17 )
	i( 3 17 18 19 )
	i( 3 18 82 16 )
}
