object( "object/skirtingBack" )
{
	l( 0.197 5.4 -0.162 )
	ra( 3.707 )
	di( 3.707 0.016 0.048 )
	vb( 288 144 0 0 0 )
	v( 3.707 0 -0.016 )
	v( -3.707 0 -0.016 )
	v( -3.707 -0.016 -0.032 )
	v( 3.707 -0.016 -0.032 )
	v( -3.707 0 0.032 )
	v( -3.707 0 0.016 )
	v( 3.707 0 0.016 )
	v( 3.707 0 0.032 )
	v( 3.707 0.016 0.048 )
	v( -3.707 0.016 0.048 )
	v( -3.707 -0.016 -0.048 )
	v( 3.707 -0.016 -0.048 )
	n( 0 -0.863 0.505 )
	n( 0 -0.968 0.253 )
	n( 0 -0.924 0.383 )
	n( 0 -0.924 0.383 )
	n( 0 -0.924 0.383 )
	n( 0 -1 0 )
	n( 0 -1 0 )
	n( 0 -0.924 0.383 )
	n( 0 -0.707 0.707 )
	n( 0 -0.707 0.707 )
	n( 0 -1 0 )
	n( 0 -1 0 )
	ng( 1 )
	g( "all" )
	mt( "material/whiteGloss" )
	ni( 16 5 )
	i( 3 10 11 2 )
	i( 3 3 2 0 )
	i( 3 1 6 5 )
	i( 3 6 4 7 )
	i( 3 4 8 4 )
	i( 1 9 )
}
