object( "object/skirtingRight" )
{
	l( 3.889 -0.966 -0.16 )
	ra( 6.382 )
	di( 0.016 6.382 0.048 )
	vb( 432 216 0 0 0 )
	v( 0 -5.023 -0.016 )
	v( 0 6.382 -0.016 )
	v( -0.016 6.382 -0.032 )
	v( -0.016 -5.023 -0.032 )
	v( 0 6.382 0.032 )
	v( 0 6.382 0.016 )
	v( 0 -5.023 0.016 )
	v( 0 -5.023 0.032 )
	v( 0.016 -5.023 0.048 )
	v( 0.016 6.382 0.048 )
	v( -0.016 6.382 -0.048 )
	v( -0.016 -5.023 -0.048 )
	v( 0 -6.382 0.016 )
	v( 0 -6.382 0.032 )
	v( 0 -6.382 -0.016 )
	v( -0.016 -6.382 -0.048 )
	v( -0.016 -6.382 -0.032 )
	v( 0.016 -6.382 0.048 )
	n( -0.863 0 0.505 )
	n( -0.968 0 0.253 )
	n( -0.924 0 0.383 )
	n( -0.952 0 0.305 )
	n( -0.924 0 0.383 )
	n( -1 0 0 )
	n( -1 0 0 )
	n( -0.952 0 0.305 )
	n( -0.707 0 0.707 )
	n( -0.707 0 0.707 )
	n( -1 0 0 )
	n( -1 0 0 )
	n( -1 0 0 )
	n( -0.863 0 0.505 )
	n( -0.968 0 0.253 )
	n( -1 0 0 )
	n( -0.863 0 0.505 )
	n( -0.707 0 0.707 )
	ng( 1 )
	g( "all" )
	mt( "material/whiteGloss" )
	ni( 38 5 )
	i( 3 2 10 11 )
	i( 3 11 7 7 )
	i( 3 6 4 6 )
	i( 3 5 6 1 )
	i( 3 0 2 3 )
	i( 3 11 3 15 )
	i( 3 3 16 0 )
	i( 3 0 7 7 )
	i( 3 4 8 9 )
	i( 3 9 16 16 )
	i( 3 0 14 6 )
	i( 3 12 7 13 )
	i( 2 8 17 )
}
