object( "object/trackLightNew2" )
{
	l( 0.133 -3.476 3.413 )
	ra( 0.09 )
	di( 0.046 0.042 0.066 )
	vb( 2808 1404 0 0 0 )
	v( 0.021 0.004 0.031 )
	v( 0.033 0.014 0.031 )
	v( 0.022 0.019 0.036 )
	v( 0.009 -0.026 0.028 )
	v( -0.003 -0.036 0.031 )
	v( 0.009 -0.041 0.025 )
	v( 0.011 -0.022 0.064 )
	v( 0.02 -0.034 0.057 )
	v( 0.026 -0.019 0.059 )
	v( 0.041 -0.016 0.054 )
	v( 0.032 -0.004 0.061 )
	v( 0.024 -0.023 0.023 )
	v( 0.03 -0.008 0.025 )
	v( 0.041 -0.016 0.054 )
	v( 0.035 -0.031 0.052 )
	v( 0.02 -0.034 0.057 )
	v( 0.009 -0.026 0.028 )
	v( 0.011 -0.022 0.064 )
	v( 0 -0.014 0.034 )
	v( 0.017 -0.007 0.066 )
	v( 0.006 0.001 0.036 )
	v( 0.032 -0.004 0.061 )
	v( 0.021 0.004 0.031 )
	v( 0.015 0.015 -0.061 )
	v( 0.046 -0.007 0.02 )
	v( 0.015 0.003 -0.065 )
	v( 0.046 -0.019 0.017 )
	v( 0.041 -0.03 0.016 )
	v( 0.01 -0.008 -0.066 )
	v( 0.032 -0.038 0.017 )
	v( 0.002 -0.016 -0.065 )
	v( 0.021 -0.042 0.02 )
	v( -0.01 -0.02 -0.061 )
	v( -0.022 -0.019 -0.057 )
	v( 0.009 -0.041 0.025 )
	v( -0.033 -0.014 -0.051 )
	v( -0.003 -0.036 0.031 )
	v( -0.042 -0.005 -0.045 )
	v( -0.011 -0.027 0.036 )
	v( -0.046 0.007 -0.041 )
	v( -0.015 -0.015 0.041 )
	v( -0.046 0.019 -0.037 )
	v( -0.015 -0.003 0.044 )
	v( -0.041 0.03 -0.036 )
	v( -0.01 0.008 0.045 )
	v( -0.032 0.038 -0.037 )
	v( -0.002 0.016 0.044 )
	v( -0.021 0.042 -0.041 )
	v( 0.01 0.02 0.041 )
	v( -0.009 0.041 -0.045 )
	v( 0.022 0.019 0.036 )
	v( 0.003 0.036 -0.051 )
	v( 0.033 0.014 0.031 )
	v( 0.011 0.027 -0.057 )
	v( 0.042 0.005 0.025 )
	v( 0.035 -0.031 0.052 )
	v( 0.017 -0.007 0.066 )
	v( 0.009 -0.026 0.028 )
	v( 0.009 -0.041 0.025 )
	v( 0.021 -0.042 0.02 )
	v( 0.009 -0.026 0.028 )
	v( 0.021 -0.042 0.02 )
	v( 0.024 -0.023 0.023 )
	v( 0 -0.014 0.034 )
	v( -0.011 -0.027 0.036 )
	v( 0.009 -0.026 0.028 )
	v( -0.011 -0.027 0.036 )
	v( -0.003 -0.036 0.031 )
	v( 0.009 -0.026 0.028 )
	v( -0.015 -0.003 0.044 )
	v( -0.015 -0.015 0.041 )
	v( 0 -0.014 0.034 )
	v( -0.015 -0.015 0.041 )
	v( -0.011 -0.027 0.036 )
	v( 0 -0.014 0.034 )
	v( 0.006 0.001 0.036 )
	v( -0.01 0.008 0.045 )
	v( -0.015 -0.003 0.044 )
	v( 0.006 0.001 0.036 )
	v( -0.015 -0.003 0.044 )
	v( 0 -0.014 0.034 )
	v( 0.01 0.02 0.041 )
	v( -0.002 0.016 0.044 )
	v( 0.006 0.001 0.036 )
	v( -0.002 0.016 0.044 )
	v( -0.01 0.008 0.045 )
	v( 0.006 0.001 0.036 )
	v( 0.021 0.004 0.031 )
	v( 0.022 0.019 0.036 )
	v( 0.01 0.02 0.041 )
	v( 0.021 0.004 0.031 )
	v( 0.01 0.02 0.041 )
	v( 0.006 0.001 0.036 )
	v( 0.03 -0.008 0.025 )
	v( 0.042 0.005 0.025 )
	v( 0.021 0.004 0.031 )
	v( 0.042 0.005 0.025 )
	v( 0.033 0.014 0.031 )
	v( 0.021 0.004 0.031 )
	v( 0.03 -0.008 0.025 )
	v( 0.024 -0.023 0.023 )
	v( 0.046 -0.019 0.017 )
	v( 0.024 -0.023 0.023 )
	v( 0.041 -0.03 0.016 )
	v( 0.046 -0.019 0.017 )
	v( 0.042 0.005 0.025 )
	v( 0.03 -0.008 0.025 )
	v( 0.046 -0.007 0.02 )
	v( 0.03 -0.008 0.025 )
	v( 0.046 -0.019 0.017 )
	v( 0.046 -0.007 0.02 )
	v( 0.041 -0.03 0.016 )
	v( 0.024 -0.023 0.023 )
	v( 0.032 -0.038 0.017 )
	v( 0.024 -0.023 0.023 )
	v( 0.021 -0.042 0.02 )
	v( 0.032 -0.038 0.017 )
	n( 0.3 -0.322 0.898 )
	n( 0.3 -0.322 0.898 )
	n( 0.3 -0.322 0.898 )
	n( 0.378 -0.169 0.91 )
	n( 0.378 -0.169 0.91 )
	n( 0.378 -0.169 0.91 )
	n( 0.34 -0.246 0.907 )
	n( 0.34 -0.246 0.907 )
	n( 0.34 -0.246 0.907 )
	n( 0.34 -0.246 0.907 )
	n( 0.34 -0.246 0.907 )
	n( 0.609 -0.467 0.641 )
	n( 0.751 -0.014 0.66 )
	n( 0.953 -0.138 0.27 )
	n( 0.528 -0.813 0.246 )
	n( -0.219 -0.823 0.523 )
	n( 0.237 -0.629 0.74 )
	n( -0.543 -0.159 0.825 )
	n( -0.167 -0.409 0.897 )
	n( -0.108 0.287 0.952 )
	n( -0.012 0.181 0.983 )
	n( 0.496 0.674 0.548 )
	n( 0.424 0.01 0.905 )
	n( 0.913 0.318 -0.256 )
	n( 0.959 0.013 0.283 )
	n( 0.928 -0.066 -0.366 )
	n( 0.857 -0.322 0.403 )
	n( 0.747 -0.541 0.386 )
	n( 0.735 -0.532 -0.42 )
	n( 0.587 -0.783 0.206 )
	n( 0.353 -0.861 -0.366 )
	n( 0.248 -0.902 0.353 )
	n( 0.044 -0.96 -0.277 )
	n( -0.246 -0.955 -0.167 )
	n( -0.092 -0.898 0.43 )
	n( -0.543 -0.839 -0.024 )
	n( -0.316 -0.775 0.547 )
	n( -0.772 -0.625 0.12 )
	n( -0.311 -0.537 0.784 )
	n( -0.913 -0.318 0.256 )
	n( -0.565 -0.299 0.769 )
	n( -0.928 0.066 0.366 )
	n( -0.356 -0.041 0.934 )
	n( -0.777 0.469 0.419 )
	n( -0.362 0.342 0.867 )
	n( -0.475 0.788 0.392 )
	n( -0.088 0.56 0.824 )
	n( -0.106 0.949 0.297 )
	n( 0.266 0.472 0.841 )
	n( 0.246 0.955 0.167 )
	n( 0.487 0.612 0.623 )
	n( 0.543 0.839 0.024 )
	n( 0.711 0.489 0.505 )
	n( 0.772 0.625 -0.12 )
	n( 0.813 0.173 0.555 )
	n( 0.34 -0.246 0.907 )
	n( 0.34 -0.246 0.907 )
	n( 0.35 -0.171 0.921 )
	n( 0.35 -0.171 0.921 )
	n( 0.35 -0.171 0.921 )
	n( 0.333 -0.185 0.925 )
	n( 0.333 -0.185 0.925 )
	n( 0.333 -0.185 0.925 )
	n( 0.394 -0.199 0.897 )
	n( 0.394 -0.199 0.897 )
	n( 0.394 -0.199 0.897 )
	n( 0.394 -0.19 0.899 )
	n( 0.394 -0.19 0.899 )
	n( 0.394 -0.19 0.899 )
	n( 0.407 -0.241 0.881 )
	n( 0.407 -0.241 0.881 )
	n( 0.407 -0.241 0.881 )
	n( 0.407 -0.212 0.888 )
	n( 0.407 -0.212 0.888 )
	n( 0.407 -0.212 0.888 )
	n( 0.391 -0.266 0.881 )
	n( 0.391 -0.266 0.881 )
	n( 0.391 -0.266 0.881 )
	n( 0.391 -0.264 0.882 )
	n( 0.391 -0.264 0.882 )
	n( 0.391 -0.264 0.882 )
	n( 0.355 -0.308 0.883 )
	n( 0.355 -0.308 0.883 )
	n( 0.355 -0.308 0.883 )
	n( 0.379 -0.293 0.878 )
	n( 0.379 -0.293 0.878 )
	n( 0.379 -0.293 0.878 )
	n( 0.329 -0.321 0.888 )
	n( 0.329 -0.321 0.888 )
	n( 0.329 -0.321 0.888 )
	n( 0.346 -0.307 0.887 )
	n( 0.346 -0.307 0.887 )
	n( 0.346 -0.307 0.887 )
	n( 0.285 -0.292 0.913 )
	n( 0.285 -0.292 0.913 )
	n( 0.285 -0.292 0.913 )
	n( 0.284 -0.301 0.91 )
	n( 0.284 -0.301 0.91 )
	n( 0.284 -0.301 0.91 )
	n( 0.289 -0.228 0.93 )
	n( 0.289 -0.228 0.93 )
	n( 0.289 -0.228 0.93 )
	n( 0.288 -0.226 0.931 )
	n( 0.288 -0.226 0.931 )
	n( 0.288 -0.226 0.931 )
	n( 0.271 -0.279 0.921 )
	n( 0.271 -0.279 0.921 )
	n( 0.271 -0.279 0.921 )
	n( 0.272 -0.251 0.929 )
	n( 0.272 -0.251 0.929 )
	n( 0.272 -0.251 0.929 )
	n( 0.3 -0.199 0.933 )
	n( 0.3 -0.199 0.933 )
	n( 0.3 -0.199 0.933 )
	n( 0.324 -0.184 0.928 )
	n( 0.324 -0.184 0.928 )
	n( 0.324 -0.184 0.928 )
	ng( 1 )
	g( "null" )
	mt( "material/blackMetalShelf" )
	ni( 207 5 )
	i( 3 57 58 59 )
	i( 3 59 48 48 )
	i( 3 49 50 51 )
	i( 3 52 53 54 )
	i( 3 23 24 25 )
	i( 3 26 28 27 )
	i( 3 29 29 28 )
	i( 3 28 28 29 )
	i( 3 30 31 32 )
	i( 3 31 33 34 )
	i( 3 35 36 37 )
	i( 3 38 39 39 )
	i( 3 38 38 39 )
	i( 3 40 41 42 )
	i( 3 43 44 45 )
	i( 3 46 47 48 )
	i( 3 49 49 3 )
	i( 3 3 3 4 )
	i( 3 5 5 17 )
	i( 3 17 17 19 )
	i( 3 20 21 22 )
	i( 3 21 12 13 )
	i( 3 11 14 16 )
	i( 3 15 18 17 )
	i( 3 20 20 0 )
	i( 3 0 0 1 )
	i( 3 2 2 9 )
	i( 3 9 9 10 )
	i( 3 8 56 8 )
	i( 3 6 8 7 )
	i( 3 8 55 9 )
	i( 3 9 114 114 )
	i( 3 114 115 116 )
	i( 3 116 60 60 )
	i( 3 60 61 62 )
	i( 3 62 111 111 )
	i( 3 111 112 113 )
	i( 3 113 63 63 )
	i( 3 63 64 65 )
	i( 3 65 108 108 )
	i( 3 108 109 110 )
	i( 3 110 66 66 )
	i( 3 66 67 68 )
	i( 3 68 105 105 )
	i( 3 105 106 107 )
	i( 3 107 69 69 )
	i( 3 69 70 71 )
	i( 3 71 102 102 )
	i( 3 102 103 104 )
	i( 3 104 72 72 )
	i( 3 72 73 74 )
	i( 3 74 99 99 )
	i( 3 99 100 101 )
	i( 3 101 75 75 )
	i( 3 75 76 77 )
	i( 3 77 96 96 )
	i( 3 96 97 98 )
	i( 3 98 78 78 )
	i( 3 78 79 80 )
	i( 3 80 93 93 )
	i( 3 93 94 95 )
	i( 3 95 81 81 )
	i( 3 81 82 83 )
	i( 3 83 90 90 )
	i( 3 90 91 92 )
	i( 3 92 84 84 )
	i( 3 84 85 86 )
	i( 3 86 87 87 )
	i( 3 87 88 89 )
}
