object( "object/trackLightNew32" )
{
	l( 0.159 2.145 3.411 )
	ra( 0.076 )
	di( 0.035 0.03 0.061 )
	vb( 2808 1404 0 0 0 )
	v( -0.004 0.016 0.028 )
	v( 0 0.03 0.029 )
	v( -0.013 0.028 0.029 )
	v( 0.004 -0.016 0.028 )
	v( 0 -0.03 0.029 )
	v( 0.013 -0.028 0.029 )
	v( 0.016 -0.004 0.028 )
	v( 0.011 0.011 0.028 )
	v( 0.011 0.011 0.061 )
	v( 0.016 -0.004 0.061 )
	v( 0.004 -0.016 0.061 )
	v( 0.004 -0.016 0.028 )
	v( -0.011 -0.011 0.061 )
	v( -0.011 -0.011 0.028 )
	v( -0.016 0.004 0.061 )
	v( -0.016 0.004 0.028 )
	v( -0.004 0.016 0.061 )
	v( -0.004 0.016 0.028 )
	v( 0.025 0.022 -0.061 )
	v( 0.025 0.022 0.029 )
	v( 0.032 0.012 -0.061 )
	v( 0.032 0.012 0.029 )
	v( 0.035 0 0.029 )
	v( 0.035 0 -0.061 )
	v( 0.032 -0.012 -0.061 )
	v( 0.032 -0.012 0.029 )
	v( 0.025 -0.022 -0.061 )
	v( 0.025 -0.022 0.029 )
	v( 0.013 -0.028 -0.061 )
	v( 0.013 -0.028 0.029 )
	v( 0 -0.03 -0.061 )
	v( 0 -0.03 0.029 )
	v( -0.013 -0.028 -0.061 )
	v( -0.013 -0.028 0.029 )
	v( -0.025 -0.022 -0.061 )
	v( -0.025 -0.022 0.029 )
	v( -0.032 -0.012 -0.061 )
	v( -0.032 -0.012 0.029 )
	v( -0.035 0 -0.061 )
	v( -0.035 0 0.029 )
	v( -0.032 0.012 -0.061 )
	v( -0.032 0.012 0.029 )
	v( -0.025 0.022 -0.061 )
	v( -0.025 0.022 0.029 )
	v( -0.013 0.028 -0.061 )
	v( -0.013 0.028 0.029 )
	v( 0 0.03 -0.061 )
	v( 0 0.03 0.029 )
	v( 0.013 0.028 -0.061 )
	v( 0.013 0.028 0.029 )
	v( 0.016 -0.004 0.061 )
	v( 0 0 0.061 )
	v( 0.004 -0.016 0.061 )
	v( -0.011 -0.011 0.061 )
	v( -0.016 0.004 0.061 )
	v( -0.004 0.016 0.061 )
	v( 0.011 0.011 0.061 )
	v( 0.004 -0.016 0.028 )
	v( 0.013 -0.028 0.029 )
	v( 0.025 -0.022 0.029 )
	v( 0.004 -0.016 0.028 )
	v( 0.025 -0.022 0.029 )
	v( 0.016 -0.004 0.028 )
	v( -0.011 -0.011 0.028 )
	v( -0.013 -0.028 0.029 )
	v( 0.004 -0.016 0.028 )
	v( -0.013 -0.028 0.029 )
	v( 0 -0.03 0.029 )
	v( 0.004 -0.016 0.028 )
	v( -0.032 -0.012 0.029 )
	v( -0.025 -0.022 0.029 )
	v( -0.011 -0.011 0.028 )
	v( -0.025 -0.022 0.029 )
	v( -0.013 -0.028 0.029 )
	v( -0.011 -0.011 0.028 )
	v( -0.016 0.004 0.028 )
	v( -0.035 0 0.029 )
	v( -0.032 -0.012 0.029 )
	v( -0.016 0.004 0.028 )
	v( -0.032 -0.012 0.029 )
	v( -0.011 -0.011 0.028 )
	v( -0.025 0.022 0.029 )
	v( -0.032 0.012 0.029 )
	v( -0.016 0.004 0.028 )
	v( -0.032 0.012 0.029 )
	v( -0.035 0 0.029 )
	v( -0.016 0.004 0.028 )
	v( -0.004 0.016 0.028 )
	v( -0.013 0.028 0.029 )
	v( -0.025 0.022 0.029 )
	v( -0.004 0.016 0.028 )
	v( -0.025 0.022 0.029 )
	v( -0.016 0.004 0.028 )
	v( 0.011 0.011 0.028 )
	v( 0.013 0.028 0.029 )
	v( -0.004 0.016 0.028 )
	v( 0.013 0.028 0.029 )
	v( 0 0.03 0.029 )
	v( -0.004 0.016 0.028 )
	v( 0.011 0.011 0.028 )
	v( 0.016 -0.004 0.028 )
	v( 0.032 0.012 0.029 )
	v( 0.016 -0.004 0.028 )
	v( 0.035 0 0.029 )
	v( 0.032 0.012 0.029 )
	v( 0.013 0.028 0.029 )
	v( 0.011 0.011 0.028 )
	v( 0.025 0.022 0.029 )
	v( 0.011 0.011 0.028 )
	v( 0.032 0.012 0.029 )
	v( 0.025 0.022 0.029 )
	v( 0.035 0 0.029 )
	v( 0.016 -0.004 0.028 )
	v( 0.032 -0.012 0.029 )
	v( 0.016 -0.004 0.028 )
	v( 0.025 -0.022 0.029 )
	v( 0.032 -0.012 0.029 )
	n( 0.015 -0.085 0.996 )
	n( 0.015 -0.085 0.996 )
	n( 0.015 -0.085 0.996 )
	n( -0.015 0.085 0.996 )
	n( -0.015 0.085 0.996 )
	n( -0.015 0.085 0.996 )
	n( 0.427 -0.021 0.904 )
	n( 0.282 0.429 0.858 )
	n( 0.66 0.447 0.603 )
	n( 0.718 -0.348 0.603 )
	n( 0.057 -0.796 0.603 )
	n( 0.198 -0.371 0.907 )
	n( -0.463 -0.463 0.756 )
	n( -0.445 -0.44 0.78 )
	n( -0.796 0.057 0.603 )
	n( -0.38 0.196 0.904 )
	n( -0.224 0.837 0.5 )
	n( -0.074 0.257 0.964 )
	n( 0.609 0.793 0 )
	n( 0.579 0.573 0.58 )
	n( 0.871 0.491 0 )
	n( 0.632 0.242 0.736 )
	n( 0.813 -0.064 0.579 )
	n( 0.997 0.076 0 )
	n( 0.933 -0.359 0 )
	n( 0.709 -0.402 0.579 )
	n( 0.708 -0.706 0 )
	n( 0.409 -0.538 0.737 )
	n( 0.397 -0.918 0 )
	n( 0.23 -0.781 0.58 )
	n( 0.058 -0.998 0 )
	n( -0.05 -0.813 0.58 )
	n( -0.285 -0.959 0 )
	n( -0.272 -0.617 0.738 )
	n( -0.609 -0.793 0 )
	n( -0.579 -0.573 0.58 )
	n( -0.871 -0.491 0 )
	n( -0.632 -0.242 0.736 )
	n( -0.997 -0.076 0 )
	n( -0.813 0.064 0.579 )
	n( -0.933 0.359 0 )
	n( -0.709 0.402 0.579 )
	n( -0.708 0.706 0 )
	n( -0.409 0.538 0.737 )
	n( -0.397 0.918 0 )
	n( -0.23 0.781 0.58 )
	n( -0.058 0.998 0 )
	n( 0.05 0.813 0.58 )
	n( 0.285 0.959 0 )
	n( 0.272 0.617 0.738 )
	n( 0 0 1 )
	n( 0 0 1 )
	n( 0 0 1 )
	n( 0 0 1 )
	n( 0 0 1 )
	n( 0 0 1 )
	n( 0 0 1 )
	n( -0.039 0.067 0.997 )
	n( -0.039 0.067 0.997 )
	n( -0.039 0.067 0.997 )
	n( -0.045 0.045 0.998 )
	n( -0.045 0.045 0.998 )
	n( -0.045 0.045 0.998 )
	n( 0.019 0.07 0.997 )
	n( 0.019 0.07 0.997 )
	n( 0.019 0.07 0.997 )
	n( 0.013 0.077 0.997 )
	n( 0.013 0.077 0.997 )
	n( 0.013 0.077 0.997 )
	n( 0.057 0.044 0.997 )
	n( 0.057 0.044 0.997 )
	n( 0.057 0.044 0.997 )
	n( 0.039 0.067 0.997 )
	n( 0.039 0.067 0.997 )
	n( 0.039 0.067 0.997 )
	n( 0.059 0.013 0.998 )
	n( 0.059 0.013 0.998 )
	n( 0.059 0.013 0.998 )
	n( 0.057 0.015 0.998 )
	n( 0.057 0.015 0.998 )
	n( 0.057 0.015 0.998 )
	n( 0.053 -0.041 0.998 )
	n( 0.053 -0.041 0.998 )
	n( 0.053 -0.041 0.998 )
	n( 0.065 -0.015 0.998 )
	n( 0.065 -0.015 0.998 )
	n( 0.065 -0.015 0.998 )
	n( 0.039 -0.067 0.997 )
	n( 0.039 -0.067 0.997 )
	n( 0.039 -0.067 0.997 )
	n( 0.045 -0.045 0.998 )
	n( 0.045 -0.045 0.998 )
	n( 0.045 -0.045 0.998 )
	n( -0.019 -0.07 0.997 )
	n( -0.019 -0.07 0.997 )
	n( -0.019 -0.07 0.997 )
	n( -0.013 -0.077 0.997 )
	n( -0.013 -0.077 0.997 )
	n( -0.013 -0.077 0.997 )
	n( -0.057 -0.015 0.998 )
	n( -0.057 -0.015 0.998 )
	n( -0.057 -0.015 0.998 )
	n( -0.059 -0.013 0.998 )
	n( -0.059 -0.013 0.998 )
	n( -0.059 -0.013 0.998 )
	n( -0.039 -0.067 0.997 )
	n( -0.039 -0.067 0.997 )
	n( -0.039 -0.067 0.997 )
	n( -0.057 -0.044 0.997 )
	n( -0.057 -0.044 0.997 )
	n( -0.057 -0.044 0.997 )
	n( -0.065 0.015 0.998 )
	n( -0.065 0.015 0.998 )
	n( -0.065 0.015 0.998 )
	n( -0.053 0.041 0.998 )
	n( -0.053 0.041 0.998 )
	n( -0.053 0.041 0.998 )
	ng( 1 )
	g( "null" )
	mt( "material/blackMetalShelf" )
	ni( 205 5 )
	i( 3 57 58 59 )
	i( 3 59 8 8 )
	i( 3 6 9 11 )
	i( 3 10 13 12 )
	i( 3 13 14 15 )
	i( 3 16 17 16 )
	i( 3 7 8 6 )
	i( 3 6 18 18 )
	i( 3 18 19 20 )
	i( 3 21 23 22 )
	i( 3 24 25 26 )
	i( 3 27 28 29 )
	i( 3 29 28 28 )
	i( 3 29 30 31 )
	i( 3 32 33 34 )
	i( 3 35 36 37 )
	i( 3 38 39 39 )
	i( 3 38 38 39 )
	i( 3 40 41 42 )
	i( 3 43 44 45 )
	i( 3 46 47 48 )
	i( 3 49 18 19 )
	i( 3 19 50 50 )
	i( 3 51 52 51 )
	i( 3 53 51 54 )
	i( 3 51 55 51 )
	i( 3 56 50 50 )
	i( 3 60 60 61 )
	i( 3 62 62 3 )
	i( 3 3 3 4 )
	i( 3 5 5 63 )
	i( 3 63 63 64 )
	i( 3 65 65 0 )
	i( 3 0 0 1 )
	i( 3 2 2 66 )
	i( 3 66 66 67 )
	i( 3 68 68 114 )
	i( 3 114 114 115 )
	i( 3 116 116 69 )
	i( 3 69 69 70 )
	i( 3 71 71 111 )
	i( 3 111 111 112 )
	i( 3 113 113 72 )
	i( 3 72 72 73 )
	i( 3 74 74 108 )
	i( 3 108 108 109 )
	i( 3 110 110 75 )
	i( 3 75 75 76 )
	i( 3 77 77 105 )
	i( 3 105 105 106 )
	i( 3 107 107 78 )
	i( 3 78 78 79 )
	i( 3 80 80 102 )
	i( 3 102 102 103 )
	i( 3 104 104 81 )
	i( 3 81 81 82 )
	i( 3 83 83 99 )
	i( 3 99 99 100 )
	i( 3 101 101 84 )
	i( 3 84 84 85 )
	i( 3 86 86 96 )
	i( 3 96 96 97 )
	i( 3 98 98 87 )
	i( 3 87 87 88 )
	i( 3 89 89 93 )
	i( 3 93 93 94 )
	i( 3 95 95 90 )
	i( 3 90 90 91 )
	i( 1 92 )
}
