object( "object/trackLightNew4" )
{
	l( 0.17 -2.81 3.411 )
	ra( 0.086 )
	di( 0.039 0.041 0.065 )
	vb( 2808 1404 0 0 0 )
	v( -0.022 -0.002 0.029 )
	v( -0.031 0.01 0.031 )
	v( -0.037 -0.002 0.027 )
	v( 0.008 -0.015 0.031 )
	v( 0.017 -0.028 0.031 )
	v( 0.023 -0.016 0.034 )
	v( -0.01 -0.031 0.058 )
	v( 0.003 -0.022 0.062 )
	v( -0.012 -0.015 0.061 )
	v( -0.014 0.001 0.064 )
	v( -0.027 -0.009 0.06 )
	v( 0.006 0.001 0.034 )
	v( -0.009 0.007 0.033 )
	v( -0.014 0.001 0.064 )
	v( 0.001 -0.006 0.065 )
	v( 0.003 -0.022 0.062 )
	v( 0.008 -0.015 0.031 )
	v( -0.01 -0.031 0.058 )
	v( -0.005 -0.025 0.027 )
	v( -0.025 -0.025 0.057 )
	v( -0.02 -0.018 0.026 )
	v( -0.027 -0.009 0.06 )
	v( -0.022 -0.002 0.029 )
	v( 0.005 0.041 -0.05 )
	v( -0.009 0.023 0.037 )
	v( 0.003 0.023 0.039 )
	v( 0.017 0.041 -0.048 )
	v( 0.014 0.018 0.04 )
	v( 0.028 0.036 -0.047 )
	v( 0.021 0.008 0.039 )
	v( 0.036 0.026 -0.048 )
	v( 0.039 0.015 -0.05 )
	v( 0.025 -0.003 0.037 )
	v( 0.023 -0.016 0.034 )
	v( 0.037 0.002 -0.053 )
	v( 0.031 -0.01 -0.056 )
	v( 0.017 -0.028 0.031 )
	v( 0.021 -0.019 -0.06 )
	v( 0.007 -0.037 0.027 )
	v( 0.009 -0.023 -0.062 )
	v( -0.005 -0.041 0.025 )
	v( -0.003 -0.023 -0.064 )
	v( -0.017 -0.041 0.023 )
	v( -0.014 -0.018 -0.065 )
	v( -0.028 -0.036 0.022 )
	v( -0.021 -0.008 -0.064 )
	v( -0.036 -0.026 0.023 )
	v( -0.025 0.003 -0.062 )
	v( -0.039 -0.015 0.025 )
	v( -0.023 0.016 -0.06 )
	v( -0.037 -0.002 0.027 )
	v( -0.017 0.028 -0.056 )
	v( -0.031 0.01 0.031 )
	v( -0.007 0.037 -0.053 )
	v( -0.021 0.019 0.034 )
	v( 0.001 -0.006 0.065 )
	v( -0.025 -0.025 0.057 )
	v( 0.008 -0.015 0.031 )
	v( 0.023 -0.016 0.034 )
	v( 0.025 -0.003 0.037 )
	v( 0.008 -0.015 0.031 )
	v( 0.025 -0.003 0.037 )
	v( 0.006 0.001 0.034 )
	v( -0.005 -0.025 0.027 )
	v( 0.007 -0.037 0.027 )
	v( 0.008 -0.015 0.031 )
	v( 0.007 -0.037 0.027 )
	v( 0.017 -0.028 0.031 )
	v( 0.008 -0.015 0.031 )
	v( -0.017 -0.041 0.023 )
	v( -0.005 -0.041 0.025 )
	v( -0.005 -0.025 0.027 )
	v( -0.005 -0.041 0.025 )
	v( 0.007 -0.037 0.027 )
	v( -0.005 -0.025 0.027 )
	v( -0.02 -0.018 0.026 )
	v( -0.028 -0.036 0.022 )
	v( -0.017 -0.041 0.023 )
	v( -0.02 -0.018 0.026 )
	v( -0.017 -0.041 0.023 )
	v( -0.005 -0.025 0.027 )
	v( -0.039 -0.015 0.025 )
	v( -0.036 -0.026 0.023 )
	v( -0.02 -0.018 0.026 )
	v( -0.036 -0.026 0.023 )
	v( -0.028 -0.036 0.022 )
	v( -0.02 -0.018 0.026 )
	v( -0.022 -0.002 0.029 )
	v( -0.037 -0.002 0.027 )
	v( -0.039 -0.015 0.025 )
	v( -0.022 -0.002 0.029 )
	v( -0.039 -0.015 0.025 )
	v( -0.02 -0.018 0.026 )
	v( -0.009 0.007 0.033 )
	v( -0.021 0.019 0.034 )
	v( -0.022 -0.002 0.029 )
	v( -0.021 0.019 0.034 )
	v( -0.031 0.01 0.031 )
	v( -0.022 -0.002 0.029 )
	v( -0.009 0.007 0.033 )
	v( 0.006 0.001 0.034 )
	v( 0.003 0.023 0.039 )
	v( 0.006 0.001 0.034 )
	v( 0.014 0.018 0.04 )
	v( 0.003 0.023 0.039 )
	v( -0.021 0.019 0.034 )
	v( -0.009 0.007 0.033 )
	v( -0.009 0.023 0.037 )
	v( -0.009 0.007 0.033 )
	v( 0.003 0.023 0.039 )
	v( -0.009 0.023 0.037 )
	v( 0.014 0.018 0.04 )
	v( 0.006 0.001 0.034 )
	v( 0.021 0.008 0.039 )
	v( 0.006 0.001 0.034 )
	v( 0.025 -0.003 0.037 )
	v( 0.021 0.008 0.039 )
	n( -0.081 -0.241 0.967 )
	n( -0.081 -0.241 0.967 )
	n( -0.081 -0.241 0.967 )
	n( -0.233 -0.158 0.96 )
	n( -0.233 -0.158 0.96 )
	n( -0.233 -0.158 0.96 )
	n( -0.158 -0.201 0.967 )
	n( -0.158 -0.201 0.967 )
	n( -0.158 -0.201 0.967 )
	n( -0.158 -0.201 0.967 )
	n( -0.158 -0.201 0.967 )
	n( 0.286 0.139 0.948 )
	n( -0.304 0.307 0.902 )
	n( -0.052 0.658 0.752 )
	n( 0.392 0.225 0.892 )
	n( 0.713 -0.446 0.541 )
	n( 0.094 -0.296 0.951 )
	n( -0.138 -0.9 0.415 )
	n( 0.034 -0.652 0.758 )
	n( -0.63 -0.528 0.57 )
	n( -0.552 -0.477 0.684 )
	n( -0.871 0.246 0.426 )
	n( -0.398 -0.091 0.913 )
	n( -0.197 0.966 0.168 )
	n( -0.248 0.502 0.828 )
	n( 0.059 0.616 0.786 )
	n( 0.205 0.951 0.231 )
	n( 0.286 0.366 0.886 )
	n( 0.597 0.76 0.255 )
	n( 0.7 0.282 0.656 )
	n( 0.875 0.425 0.231 )
	n( 0.985 0.038 0.168 )
	n( 0.363 -0.154 0.919 )
	n( 0.761 -0.377 0.529 )
	n( 0.943 -0.321 0.087 )
	n( 0.82 -0.573 0.015 )
	n( 0.518 -0.657 0.548 )
	n( 0.584 -0.809 -0.073 )
	n( 0.206 -0.736 0.644 )
	n( 0.26 -0.953 -0.155 )
	n( 0.014 -0.911 0.413 )
	n( -0.134 -0.966 -0.222 )
	n( -0.303 -0.778 0.551 )
	n( -0.536 -0.805 -0.254 )
	n( -0.627 -0.694 0.353 )
	n( -0.84 -0.488 -0.238 )
	n( -0.831 -0.407 0.379 )
	n( -0.978 -0.102 -0.181 )
	n( -0.783 -0.126 0.608 )
	n( -0.959 0.265 -0.101 )
	n( -0.843 0.191 0.503 )
	n( -0.82 0.573 -0.015 )
	n( -0.701 0.424 0.574 )
	n( -0.584 0.809 0.073 )
	n( -0.439 0.44 0.783 )
	n( -0.158 -0.201 0.967 )
	n( -0.158 -0.201 0.967 )
	n( -0.233 -0.188 0.954 )
	n( -0.233 -0.188 0.954 )
	n( -0.233 -0.188 0.954 )
	n( -0.22 -0.207 0.953 )
	n( -0.22 -0.207 0.953 )
	n( -0.22 -0.207 0.953 )
	n( -0.201 -0.143 0.969 )
	n( -0.201 -0.143 0.969 )
	n( -0.201 -0.143 0.969 )
	n( -0.21 -0.142 0.967 )
	n( -0.21 -0.142 0.967 )
	n( -0.21 -0.142 0.967 )
	n( -0.158 -0.13 0.979 )
	n( -0.158 -0.13 0.979 )
	n( -0.158 -0.13 0.979 )
	n( -0.187 -0.129 0.974 )
	n( -0.187 -0.129 0.974 )
	n( -0.187 -0.129 0.974 )
	n( -0.133 -0.147 0.98 )
	n( -0.133 -0.147 0.98 )
	n( -0.133 -0.147 0.98 )
	n( -0.135 -0.147 0.98 )
	n( -0.135 -0.147 0.98 )
	n( -0.135 -0.147 0.98 )
	n( -0.093 -0.185 0.978 )
	n( -0.093 -0.185 0.978 )
	n( -0.093 -0.185 0.978 )
	n( -0.107 -0.16 0.981 )
	n( -0.107 -0.16 0.981 )
	n( -0.107 -0.16 0.981 )
	n( -0.081 -0.212 0.974 )
	n( -0.081 -0.212 0.974 )
	n( -0.081 -0.212 0.974 )
	n( -0.094 -0.194 0.976 )
	n( -0.094 -0.194 0.976 )
	n( -0.094 -0.194 0.976 )
	n( -0.113 -0.257 0.96 )
	n( -0.113 -0.257 0.96 )
	n( -0.113 -0.257 0.96 )
	n( -0.104 -0.258 0.961 )
	n( -0.104 -0.258 0.961 )
	n( -0.104 -0.258 0.961 )
	n( -0.179 -0.253 0.951 )
	n( -0.179 -0.253 0.951 )
	n( -0.179 -0.253 0.951 )
	n( -0.182 -0.253 0.95 )
	n( -0.182 -0.253 0.95 )
	n( -0.182 -0.253 0.95 )
	n( -0.127 -0.271 0.954 )
	n( -0.127 -0.271 0.954 )
	n( -0.127 -0.271 0.954 )
	n( -0.157 -0.27 0.95 )
	n( -0.157 -0.27 0.95 )
	n( -0.157 -0.27 0.95 )
	n( -0.208 -0.24 0.948 )
	n( -0.208 -0.24 0.948 )
	n( -0.208 -0.24 0.948 )
	n( -0.221 -0.215 0.951 )
	n( -0.221 -0.215 0.951 )
	n( -0.221 -0.215 0.951 )
	ng( 1 )
	g( "null" )
	mt( "material/blackMetalShelf" )
	ni( 213 5 )
	i( 3 57 58 59 )
	i( 3 59 48 48 )
	i( 3 49 50 51 )
	i( 3 52 53 54 )
	i( 3 23 24 23 )
	i( 3 25 26 25 )
	i( 3 28 27 29 )
	i( 3 29 28 28 )
	i( 3 28 29 30 )
	i( 3 29 31 32 )
	i( 3 31 33 34 )
	i( 3 33 35 36 )
	i( 3 37 38 39 )
	i( 3 39 38 38 )
	i( 3 39 40 41 )
	i( 3 42 43 44 )
	i( 3 45 46 47 )
	i( 3 48 49 49 )
	i( 3 3 3 3 )
	i( 3 4 5 5 )
	i( 3 17 17 17 )
	i( 3 19 20 21 )
	i( 3 22 21 12 )
	i( 3 13 11 14 )
	i( 3 11 15 16 )
	i( 3 15 18 17 )
	i( 3 20 20 0 )
	i( 3 0 0 1 )
	i( 3 2 2 9 )
	i( 3 9 9 10 )
	i( 3 8 56 8 )
	i( 3 6 8 7 )
	i( 3 8 55 9 )
	i( 3 9 114 114 )
	i( 3 114 115 116 )
	i( 3 116 60 60 )
	i( 3 60 61 62 )
	i( 3 62 111 111 )
	i( 3 111 112 113 )
	i( 3 113 63 63 )
	i( 3 63 64 65 )
	i( 3 65 108 108 )
	i( 3 108 109 110 )
	i( 3 110 66 66 )
	i( 3 66 67 68 )
	i( 3 68 105 105 )
	i( 3 105 106 107 )
	i( 3 107 69 69 )
	i( 3 69 70 71 )
	i( 3 71 102 102 )
	i( 3 102 103 104 )
	i( 3 104 72 72 )
	i( 3 72 73 74 )
	i( 3 74 99 99 )
	i( 3 99 100 101 )
	i( 3 101 75 75 )
	i( 3 75 76 77 )
	i( 3 77 96 96 )
	i( 3 96 97 98 )
	i( 3 98 78 78 )
	i( 3 78 79 80 )
	i( 3 80 93 93 )
	i( 3 93 94 95 )
	i( 3 95 81 81 )
	i( 3 81 82 83 )
	i( 3 83 90 90 )
	i( 3 90 91 92 )
	i( 3 92 84 84 )
	i( 3 84 85 86 )
	i( 3 86 87 87 )
	i( 3 87 88 89 )
}
