object( "object/trackLightNew1" )
{
	l( 0.207 -3.844 3.424 )
	ra( 0.094 )
	di( 0.06 0.041 0.059 )
	vb( 2808 1404 0 0 0 )
	v( -0.024 0.027 0.023 )
	v( -0.017 0.04 0.027 )
	v( -0.026 0.041 0.016 )
	v( -0.029 -0.004 0.029 )
	v( -0.038 -0.017 0.027 )
	v( -0.029 -0.018 0.037 )
	v( -0.018 0.004 0.038 )
	v( -0.016 0.019 0.034 )
	v( -0.039 0.028 0.056 )
	v( -0.041 0.012 0.059 )
	v( -0.052 0.004 0.05 )
	v( -0.029 -0.004 0.029 )
	v( -0.06 0.011 0.038 )
	v( -0.037 0.003 0.017 )
	v( -0.058 0.027 0.035 )
	v( -0.035 0.019 0.014 )
	v( -0.047 0.035 0.044 )
	v( -0.024 0.027 0.023 )
	v( 0.059 0.003 -0.014 )
	v( -0.005 0.026 0.045 )
	v( 0.06 -0.008 -0.008 )
	v( -0.003 0.015 0.051 )
	v( -0.006 0.004 0.053 )
	v( 0.058 -0.019 -0.006 )
	v( -0.011 -0.007 0.051 )
	v( 0.053 -0.03 -0.008 )
	v( -0.019 -0.014 0.045 )
	v( 0.045 -0.037 -0.014 )
	v( 0.035 -0.041 -0.022 )
	v( -0.029 -0.018 0.037 )
	v( 0.026 -0.04 -0.032 )
	v( -0.038 -0.017 0.027 )
	v( 0.019 -0.035 -0.043 )
	v( -0.045 -0.012 0.016 )
	v( 0.014 -0.026 -0.051 )
	v( -0.05 -0.003 0.008 )
	v( 0.013 -0.015 -0.057 )
	v( -0.051 0.008 0.002 )
	v( 0.015 -0.004 -0.059 )
	v( -0.049 0.019 0 )
	v( 0.021 0.007 -0.057 )
	v( -0.043 0.03 0.002 )
	v( 0.029 0.014 -0.051 )
	v( -0.035 0.037 0.008 )
	v( 0.038 0.018 -0.043 )
	v( -0.026 0.041 0.016 )
	v( 0.047 0.017 -0.032 )
	v( -0.017 0.04 0.027 )
	v( 0.054 0.012 -0.022 )
	v( -0.01 0.035 0.037 )
	v( -0.041 0.012 0.059 )
	v( -0.05 0.019 0.047 )
	v( -0.052 0.004 0.05 )
	v( -0.06 0.011 0.038 )
	v( -0.058 0.027 0.035 )
	v( -0.047 0.035 0.044 )
	v( -0.039 0.028 0.056 )
	v( -0.029 -0.004 0.029 )
	v( -0.029 -0.018 0.037 )
	v( -0.019 -0.014 0.045 )
	v( -0.029 -0.004 0.029 )
	v( -0.019 -0.014 0.045 )
	v( -0.018 0.004 0.038 )
	v( -0.037 0.003 0.017 )
	v( -0.045 -0.012 0.016 )
	v( -0.029 -0.004 0.029 )
	v( -0.045 -0.012 0.016 )
	v( -0.038 -0.017 0.027 )
	v( -0.029 -0.004 0.029 )
	v( -0.051 0.008 0.002 )
	v( -0.05 -0.003 0.008 )
	v( -0.037 0.003 0.017 )
	v( -0.05 -0.003 0.008 )
	v( -0.045 -0.012 0.016 )
	v( -0.037 0.003 0.017 )
	v( -0.035 0.019 0.014 )
	v( -0.049 0.019 0 )
	v( -0.051 0.008 0.002 )
	v( -0.035 0.019 0.014 )
	v( -0.051 0.008 0.002 )
	v( -0.037 0.003 0.017 )
	v( -0.035 0.037 0.008 )
	v( -0.043 0.03 0.002 )
	v( -0.035 0.019 0.014 )
	v( -0.043 0.03 0.002 )
	v( -0.049 0.019 0 )
	v( -0.035 0.019 0.014 )
	v( -0.024 0.027 0.023 )
	v( -0.026 0.041 0.016 )
	v( -0.035 0.037 0.008 )
	v( -0.024 0.027 0.023 )
	v( -0.035 0.037 0.008 )
	v( -0.035 0.019 0.014 )
	v( -0.016 0.019 0.034 )
	v( -0.01 0.035 0.037 )
	v( -0.024 0.027 0.023 )
	v( -0.01 0.035 0.037 )
	v( -0.017 0.04 0.027 )
	v( -0.024 0.027 0.023 )
	v( -0.016 0.019 0.034 )
	v( -0.018 0.004 0.038 )
	v( -0.003 0.015 0.051 )
	v( -0.018 0.004 0.038 )
	v( -0.006 0.004 0.053 )
	v( -0.003 0.015 0.051 )
	v( -0.01 0.035 0.037 )
	v( -0.016 0.019 0.034 )
	v( -0.005 0.026 0.045 )
	v( -0.016 0.019 0.034 )
	v( -0.003 0.015 0.051 )
	v( -0.005 0.026 0.045 )
	v( -0.006 0.004 0.053 )
	v( -0.018 0.004 0.038 )
	v( -0.011 -0.007 0.051 )
	v( -0.018 0.004 0.038 )
	v( -0.019 -0.014 0.045 )
	v( -0.011 -0.007 0.051 )
	n( -0.727 0.171 0.665 )
	n( -0.727 0.171 0.665 )
	n( -0.727 0.171 0.665 )
	n( -0.688 0.338 0.643 )
	n( -0.688 0.338 0.643 )
	n( -0.688 0.338 0.643 )
	n( -0.385 0.116 0.916 )
	n( -0.29 0.56 0.776 )
	n( 0.131 0.428 0.894 )
	n( -0.103 -0.333 0.937 )
	n( -0.662 -0.608 0.439 )
	n( -0.647 -0.161 0.745 )
	n( -0.979 -0.14 0.147 )
	n( -0.977 -0.117 0.176 )
	n( -0.9 0.384 -0.204 )
	n( -0.81 0.5 0.306 )
	n( -0.211 0.965 0.159 )
	n( -0.643 0.504 0.577 )
	n( 0.645 0.611 0.46 )
	n( 0.14 0.559 0.817 )
	n( 0.704 0.268 0.657 )
	n( -0.051 0.275 0.96 )
	n( -0.107 0.039 0.993 )
	n( 0.618 -0.222 0.754 )
	n( -0.039 -0.294 0.955 )
	n( 0.372 -0.655 0.657 )
	n( -0.326 -0.505 0.799 )
	n( 0.154 -0.853 0.498 )
	n( -0.065 -0.952 0.3 )
	n( -0.534 -0.638 0.554 )
	n( -0.302 -0.952 0.043 )
	n( -0.718 -0.606 0.343 )
	n( -0.5 -0.839 -0.215 )
	n( -0.901 -0.332 0.279 )
	n( -0.645 -0.611 -0.46 )
	n( -0.963 -0.263 -0.056 )
	n( -0.704 -0.268 -0.657 )
	n( -0.995 0.101 0.007 )
	n( -0.642 0.15 -0.752 )
	n( -0.891 0.389 -0.233 )
	n( -0.455 0.545 -0.704 )
	n( -0.713 0.684 -0.155 )
	n( -0.198 0.822 -0.534 )
	n( -0.594 0.785 0.175 )
	n( 0.065 0.952 -0.3 )
	n( -0.29 0.934 0.208 )
	n( 0.302 0.952 -0.043 )
	n( -0.106 0.902 0.418 )
	n( 0.5 0.839 0.215 )
	n( -0.147 0.709 0.69 )
	n( -0.71 0.255 0.656 )
	n( -0.71 0.255 0.656 )
	n( -0.71 0.255 0.656 )
	n( -0.71 0.255 0.656 )
	n( -0.71 0.255 0.656 )
	n( -0.71 0.255 0.656 )
	n( -0.71 0.255 0.656 )
	n( -0.709 0.326 0.625 )
	n( -0.709 0.326 0.625 )
	n( -0.709 0.326 0.625 )
	n( -0.721 0.307 0.621 )
	n( -0.721 0.307 0.621 )
	n( -0.721 0.307 0.621 )
	n( -0.673 0.316 0.669 )
	n( -0.673 0.316 0.669 )
	n( -0.673 0.316 0.669 )
	n( -0.673 0.324 0.664 )
	n( -0.673 0.324 0.664 )
	n( -0.673 0.324 0.664 )
	n( -0.658 0.283 0.698 )
	n( -0.658 0.283 0.698 )
	n( -0.658 0.283 0.698 )
	n( -0.661 0.309 0.684 )
	n( -0.661 0.309 0.684 )
	n( -0.661 0.309 0.684 )
	n( -0.668 0.254 0.7 )
	n( -0.668 0.254 0.7 )
	n( -0.668 0.254 0.7 )
	n( -0.668 0.256 0.698 )
	n( -0.668 0.256 0.698 )
	n( -0.668 0.256 0.698 )
	n( -0.689 0.204 0.695 )
	n( -0.689 0.204 0.695 )
	n( -0.689 0.204 0.695 )
	n( -0.673 0.226 0.704 )
	n( -0.673 0.226 0.704 )
	n( -0.673 0.226 0.704 )
	n( -0.706 0.182 0.684 )
	n( -0.706 0.182 0.684 )
	n( -0.706 0.182 0.684 )
	n( -0.696 0.202 0.689 )
	n( -0.696 0.202 0.689 )
	n( -0.696 0.202 0.689 )
	n( -0.743 0.193 0.641 )
	n( -0.743 0.193 0.641 )
	n( -0.743 0.193 0.641 )
	n( -0.742 0.185 0.644 )
	n( -0.742 0.185 0.644 )
	n( -0.742 0.185 0.644 )
	n( -0.749 0.253 0.612 )
	n( -0.749 0.253 0.612 )
	n( -0.749 0.253 0.612 )
	n( -0.75 0.255 0.611 )
	n( -0.75 0.255 0.611 )
	n( -0.75 0.255 0.611 )
	n( -0.755 0.2 0.625 )
	n( -0.755 0.2 0.625 )
	n( -0.755 0.2 0.625 )
	n( -0.758 0.226 0.612 )
	n( -0.758 0.226 0.612 )
	n( -0.758 0.226 0.612 )
	n( -0.744 0.283 0.606 )
	n( -0.744 0.283 0.606 )
	n( -0.744 0.283 0.606 )
	n( -0.727 0.305 0.615 )
	n( -0.727 0.305 0.615 )
	n( -0.727 0.305 0.615 )
	ng( 1 )
	g( "null" )
	mt( "material/blackMetalShelf" )
	ni( 207 5 )
	i( 3 57 58 59 )
	i( 3 59 8 8 )
	i( 3 6 9 11 )
	i( 3 10 13 12 )
	i( 3 13 14 15 )
	i( 3 16 17 16 )
	i( 3 7 8 6 )
	i( 3 6 18 18 )
	i( 3 18 19 20 )
	i( 3 21 23 22 )
	i( 3 23 24 25 )
	i( 3 26 27 26 )
	i( 3 28 29 29 )
	i( 3 28 28 29 )
	i( 3 30 31 32 )
	i( 3 33 34 35 )
	i( 3 36 37 38 )
	i( 3 39 39 38 )
	i( 3 38 39 40 )
	i( 3 41 42 43 )
	i( 3 44 45 46 )
	i( 3 47 48 49 )
	i( 3 18 19 19 )
	i( 3 50 50 51 )
	i( 3 52 51 53 )
	i( 3 51 54 51 )
	i( 3 55 51 56 )
	i( 3 50 50 60 )
	i( 3 60 61 62 )
	i( 3 62 3 3 )
	i( 3 3 4 5 )
	i( 3 5 63 63 )
	i( 3 63 64 65 )
	i( 3 65 0 0 )
	i( 3 0 1 2 )
	i( 3 2 66 66 )
	i( 3 66 67 68 )
	i( 3 68 114 114 )
	i( 3 114 115 116 )
	i( 3 116 69 69 )
	i( 3 69 70 71 )
	i( 3 71 111 111 )
	i( 3 111 112 113 )
	i( 3 113 72 72 )
	i( 3 72 73 74 )
	i( 3 74 108 108 )
	i( 3 108 109 110 )
	i( 3 110 75 75 )
	i( 3 75 76 77 )
	i( 3 77 105 105 )
	i( 3 105 106 107 )
	i( 3 107 78 78 )
	i( 3 78 79 80 )
	i( 3 80 102 102 )
	i( 3 102 103 104 )
	i( 3 104 81 81 )
	i( 3 81 82 83 )
	i( 3 83 99 99 )
	i( 3 99 100 101 )
	i( 3 101 84 84 )
	i( 3 84 85 86 )
	i( 3 86 96 96 )
	i( 3 96 97 98 )
	i( 3 98 87 87 )
	i( 3 87 88 89 )
	i( 3 89 93 93 )
	i( 3 93 94 95 )
	i( 3 95 90 90 )
	i( 3 90 91 92 )
}
