object( "object/wcGlass" )
{
	l( 0.136 5.052 1.44 )
	ra( 2.275 )
	fl( 1 )
	di( 1.558 0.299 1.63 )
	displayName( "Display Case" )
	pathSuffix( "Weapons" )
	tag( 5 )
	vb( 1408 528 0 1056 0 )
	v( 1.552 0.295 1.66 )
	v( 1.552 -0.285 -0.773 )
	v( 1.552 -0.285 1.66 )
	v( 1.552 0.295 -0.773 )
	v( 1.558 -0.285 -0.773 )
	v( 1.552 -0.285 1.66 )
	v( 1.552 -0.285 -0.773 )
	v( 1.558 -0.285 1.66 )
	v( 1.558 0.295 -0.773 )
	v( 1.558 -0.285 1.66 )
	v( 1.558 -0.285 -0.773 )
	v( 1.558 0.295 1.66 )
	v( 1.552 0.295 1.66 )
	v( 1.558 -0.285 1.66 )
	v( 1.558 0.295 1.66 )
	v( 1.552 -0.285 1.66 )
	v( -1.558 0.295 1.66 )
	v( -1.558 -0.285 -0.77 )
	v( -1.558 -0.285 1.66 )
	v( -1.558 0.295 -0.77 )
	v( -1.552 -0.285 -0.77 )
	v( -1.558 -0.285 1.66 )
	v( -1.558 -0.285 -0.77 )
	v( -1.552 -0.285 1.66 )
	v( -1.552 0.295 -0.77 )
	v( -1.552 -0.285 1.66 )
	v( -1.552 -0.285 -0.77 )
	v( -1.552 0.295 1.66 )
	v( -1.558 0.295 1.66 )
	v( -1.552 -0.285 1.66 )
	v( -1.552 0.295 1.66 )
	v( -1.558 -0.285 1.66 )
	v( -1.54 0.307 -1.6 )
	v( -1.54 0.313 1.66 )
	v( -1.54 0.313 -1.6 )
	v( -1.54 0.307 1.66 )
	v( -1.54 0.307 1.66 )
	v( -1.54 0.307 -1.6 )
	v( 1.54 0.307 -1.6 )
	v( 1.54 0.307 1.66 )
	v( 1.54 0.313 1.66 )
	v( -1.54 0.307 1.66 )
	v( 1.54 0.307 1.66 )
	v( -1.54 0.313 1.66 )
	n( -1 0 0 )
	n( -1 0 0 )
	n( -1 0 0 )
	n( -1 0 0 )
	n( 0 -1 0 )
	n( 0 -1 0 )
	n( 0 -1 0 )
	n( 0 -1 0 )
	n( 1 0 0 )
	n( 1 0 0 )
	n( 1 0 0 )
	n( 1 0 0 )
	n( 0 0 1 )
	n( 0 0 1 )
	n( 0 0 1 )
	n( 0 0 1 )
	n( -1 0 0 )
	n( -1 0 0 )
	n( -1 0 0 )
	n( -1 0 0 )
	n( 0 -1 0 )
	n( 0 -1 0 )
	n( 0 -1 0 )
	n( 0 -1 0 )
	n( 1 0 0 )
	n( 1 0 0 )
	n( 1 0 0 )
	n( 1 0 0 )
	n( 0 0 1 )
	n( 0 0 1 )
	n( 0 0 1 )
	n( 0 0 1 )
	n( -1 0 0 )
	n( -1 0 0 )
	n( -1 0 0 )
	n( -1 0 0 )
	n( 0 -1 0 )
	n( 0 -1 0 )
	n( 0 -1 0 )
	n( 0 -1 0 )
	n( 0 0 1 )
	n( 0 0 1 )
	n( 0 0 1 )
	n( 0 0 1 )
	u0( 1 0 )
	u0( 1 1 )
	u0( 1 0 )
	u0( 0 1 )
	u0( 1 0 )
	u0( 1 1 )
	u0( 1 0 )
	u0( 0 1 )
	u0( 1 0 )
	u0( 1 1 )
	u0( 1 0 )
	u0( 0 1 )
	u0( 1 0 )
	u0( 1 1 )
	u0( 1 0 )
	u0( 0 1 )
	u0( 1 0 )
	u0( 1 1 )
	u0( 1 0 )
	u0( 0 1 )
	u0( 1 0 )
	u0( 1 1 )
	u0( 1 0 )
	u0( 0 1 )
	u0( 1 0 )
	u0( 1 1 )
	u0( 1 0 )
	u0( 0 1 )
	u0( 1 0 )
	u0( 1 1 )
	u0( 1 0 )
	u0( 0 1 )
	u0( 1 0 )
	u0( 1 1 )
	u0( 1 0 )
	u0( 0 1 )
	u0( 1 1 )
	u0( 1 0 )
	u0( 1 0 )
	u0( 0 1 )
	u0( 1 0 )
	u0( 1 1 )
	u0( 1 0 )
	u0( 0 1 )
	ng( 1 )
	g( "glass" )
	mt( "material/glassDoor" )
	ni( 65 5 )
	i( 3 3 3 0 )
	i( 3 1 2 2 )
	i( 3 7 7 4 )
	i( 3 5 6 6 )
	i( 3 11 11 8 )
	i( 3 9 10 10 )
	i( 3 15 15 12 )
	i( 3 13 14 14 )
	i( 3 19 19 16 )
	i( 3 17 18 18 )
	i( 3 23 23 20 )
	i( 3 21 22 22 )
	i( 3 27 27 24 )
	i( 3 25 26 26 )
	i( 3 31 31 28 )
	i( 3 29 30 30 )
	i( 3 35 35 32 )
	i( 3 33 34 34 )
	i( 3 37 37 36 )
	i( 3 38 39 39 )
	i( 3 43 43 40 )
	i( 2 41 42 )
}
