object( "object/weaponCase" )
{
	l( 0.136 5.052 1.44 )
	ra( 2.3 )
	fl( 1 )
	di( 1.56 0.315 1.66 )
	displayName( "Display Case" )
	pathSuffix( "Weapons" )
	tag( 5 )
	vb( 7360 2760 0 5520 0 )
	v( -1.55 0.005 -0.76 )
	v( -1.55 0.305 -1.66 )
	v( -1.55 -0.295 -1.66 )
	v( -1.55 -0.295 -0.76 )
	v( -1.55 0.305 -0.76 )
	v( 0 0.005 -0.76 )
	v( 1.55 -0.295 -0.76 )
	v( 1.55 0.305 -0.76 )
	v( 0 0.305 -0.76 )
	v( 0 -0.295 -0.76 )
	v( -1.55 -0.295 -0.76 )
	v( 0 -0.295 -0.76 )
	v( 0 0.005 -0.76 )
	v( -1.55 0.005 -0.76 )
	v( 0 -0.295 -0.76 )
	v( -1.55 -0.295 -0.76 )
	v( 0 -0.295 -1.66 )
	v( -1.55 -0.295 -1.66 )
	v( 1.55 -0.295 -0.76 )
	v( 1.55 -0.295 -1.66 )
	v( -1.55 0.295 -1.66 )
	v( -1.55 0.305 -1.66 )
	v( -1.55 0.305 1.66 )
	v( -1.55 0.295 1.66 )
	v( -1.54 0.305 -1.66 )
	v( -1.54 0.305 1.66 )
	v( -1.55 0.305 1.66 )
	v( -1.55 0.305 -1.66 )
	v( -1.55 0.315 1.66 )
	v( -1.56 0.315 1.66 )
	v( -1.56 0.305 1.66 )
	v( -1.55 0.305 1.66 )
	v( -1.54 0.315 1.66 )
	v( -1.55 0.315 1.66 )
	v( -1.55 0.305 1.66 )
	v( -1.54 0.305 1.66 )
	v( -1.56 0.305 1.66 )
	v( -1.56 0.295 1.66 )
	v( -1.55 0.295 1.66 )
	v( -1.56 0.295 -1.66 )
	v( -1.55 0.295 -1.66 )
	v( -1.55 0.295 1.66 )
	v( -1.56 0.295 1.66 )
	v( -1.54 0.305 -1.66 )
	v( -1.54 0.315 -1.66 )
	v( -1.54 0.315 1.66 )
	v( -1.54 0.305 1.66 )
	v( -1.56 0.305 1.66 )
	v( -1.56 0.315 1.66 )
	v( -1.56 0.315 -1.66 )
	v( -1.56 0.305 -1.66 )
	v( -1.56 0.295 -1.66 )
	v( -1.56 0.295 1.66 )
	v( -1.54 -0.295 -1.66 )
	v( -1.55 -0.295 -1.66 )
	v( -1.55 -0.295 1.66 )
	v( -1.54 -0.295 1.66 )
	v( -1.55 -0.285 -1.66 )
	v( -1.55 -0.285 1.66 )
	v( -1.55 -0.295 1.66 )
	v( -1.55 -0.295 -1.66 )
	v( -1.56 -0.295 1.66 )
	v( -1.56 -0.315 1.66 )
	v( -1.55 -0.315 1.66 )
	v( -1.55 -0.295 1.66 )
	v( -1.56 -0.285 1.66 )
	v( -1.56 -0.295 1.66 )
	v( -1.55 -0.295 1.66 )
	v( -1.55 -0.285 1.66 )
	v( -1.55 -0.315 1.66 )
	v( -1.54 -0.315 1.66 )
	v( -1.54 -0.295 1.66 )
	v( -1.56 -0.295 1.66 )
	v( -1.56 -0.285 1.66 )
	v( -1.56 -0.285 -1.66 )
	v( -1.56 -0.295 -1.66 )
	v( -1.56 -0.315 1.66 )
	v( -1.56 -0.295 1.66 )
	v( -1.56 -0.295 -1.66 )
	v( -1.56 -0.315 -1.66 )
	v( -1.54 -0.315 -1.66 )
	v( -1.54 -0.295 -1.66 )
	v( -1.54 -0.295 1.66 )
	v( -1.54 -0.315 1.66 )
	v( -1.55 -0.285 -1.66 )
	v( -1.56 -0.285 -1.66 )
	v( -1.56 -0.285 1.66 )
	v( -1.55 -0.285 1.66 )
	v( -1.55 -0.315 1.66 )
	v( -1.56 -0.315 1.66 )
	v( -1.56 -0.315 -1.66 )
	v( -1.55 -0.315 -1.66 )
	v( -1.54 -0.315 -1.66 )
	v( -1.54 -0.315 1.66 )
	v( 1.55 -0.285 -1.66 )
	v( 1.55 -0.295 -1.66 )
	v( 1.55 -0.295 1.66 )
	v( 1.55 -0.285 1.66 )
	v( 1.54 -0.295 -1.66 )
	v( 1.54 -0.295 1.66 )
	v( 1.55 -0.295 1.66 )
	v( 1.55 -0.295 -1.66 )
	v( 1.56 -0.315 1.66 )
	v( 1.56 -0.295 1.66 )
	v( 1.55 -0.295 1.66 )
	v( 1.55 -0.315 1.66 )
	v( 1.54 -0.315 1.66 )
	v( 1.55 -0.295 1.66 )
	v( 1.54 -0.295 1.66 )
	v( 1.56 -0.295 1.66 )
	v( 1.56 -0.285 1.66 )
	v( 1.55 -0.285 1.66 )
	v( 1.55 -0.315 1.66 )
	v( 1.54 -0.315 1.66 )
	v( 1.54 -0.315 -1.66 )
	v( 1.55 -0.315 -1.66 )
	v( 1.56 -0.315 1.66 )
	v( 1.55 -0.315 1.66 )
	v( 1.55 -0.315 -1.66 )
	v( 1.56 -0.315 -1.66 )
	v( 1.56 -0.285 -1.66 )
	v( 1.55 -0.285 -1.66 )
	v( 1.55 -0.285 1.66 )
	v( 1.56 -0.285 1.66 )
	v( 1.54 -0.295 -1.66 )
	v( 1.54 -0.315 -1.66 )
	v( 1.54 -0.315 1.66 )
	v( 1.54 -0.295 1.66 )
	v( 1.56 -0.295 1.66 )
	v( 1.56 -0.315 1.66 )
	v( 1.56 -0.315 -1.66 )
	v( 1.56 -0.295 -1.66 )
	v( 1.56 -0.285 -1.66 )
	v( 1.56 -0.285 1.66 )
	v( 1.54 0.305 -1.66 )
	v( 1.55 0.305 -1.66 )
	v( 1.55 0.305 1.66 )
	v( 1.54 0.305 1.66 )
	v( 1.55 0.295 -1.66 )
	v( 1.55 0.295 1.66 )
	v( 1.55 0.305 1.66 )
	v( 1.55 0.305 -1.66 )
	v( 1.56 0.305 1.66 )
	v( 1.56 0.315 1.66 )
	v( 1.55 0.315 1.66 )
	v( 1.55 0.305 1.66 )
	v( 1.56 0.295 1.66 )
	v( 1.56 0.305 1.66 )
	v( 1.55 0.295 1.66 )
	v( 1.55 0.305 1.66 )
	v( 1.55 0.315 1.66 )
	v( 1.54 0.315 1.66 )
	v( 1.54 0.305 1.66 )
	v( 1.56 0.305 1.66 )
	v( 1.56 0.295 1.66 )
	v( 1.56 0.295 -1.66 )
	v( 1.56 0.305 -1.66 )
	v( 1.56 0.315 1.66 )
	v( 1.56 0.305 1.66 )
	v( 1.56 0.305 -1.66 )
	v( 1.56 0.315 -1.66 )
	v( 1.54 0.315 -1.66 )
	v( 1.54 0.305 -1.66 )
	v( 1.54 0.305 1.66 )
	v( 1.54 0.315 1.66 )
	v( 1.55 0.295 -1.66 )
	v( 1.56 0.295 -1.66 )
	v( 1.56 0.295 1.66 )
	v( 1.55 0.295 1.66 )
	v( 1.54 0.285 1.64 )
	v( 1.54 -0.275 1.64 )
	v( -1.54 -0.275 1.64 )
	v( -1.54 0.285 1.64 )
	v( 1.54 -0.275 1.61 )
	v( -1.54 -0.275 1.61 )
	v( -1.54 -0.275 1.64 )
	v( 1.54 -0.275 1.64 )
	v( 1.54 0.285 1.61 )
	v( 1.54 -0.275 1.61 )
	v( 1.54 -0.275 1.64 )
	v( 1.54 0.285 1.64 )
	v( -1.54 0.285 1.61 )
	v( 1.54 0.285 1.61 )
	v( 1.54 0.285 1.64 )
	v( -1.54 0.285 1.64 )
	v( -1.54 -0.275 1.61 )
	v( -1.54 0.285 1.61 )
	v( -1.54 0.285 1.64 )
	v( -1.54 -0.275 1.64 )
	v( -1.55 -0.295 1.61 )
	v( -1.55 0.305 1.61 )
	v( -1.54 0.285 1.61 )
	v( -1.54 -0.275 1.61 )
	v( 1.54 0.285 1.61 )
	v( -1.55 0.305 1.61 )
	v( 1.55 0.305 1.61 )
	v( 1.54 -0.275 1.61 )
	v( 1.54 0.285 1.61 )
	v( 1.55 -0.295 1.61 )
	v( -1.55 -0.295 1.61 )
	v( -1.54 -0.275 1.61 )
	v( 1.54 -0.275 1.61 )
	v( 1.55 -0.295 1.61 )
	v( 1.55 -0.295 1.65 )
	v( -1.55 -0.295 1.65 )
	v( -1.55 -0.295 1.61 )
	v( 1.55 -0.295 1.61 )
	v( 1.55 0.305 1.65 )
	v( 1.55 -0.295 1.65 )
	v( 1.55 -0.295 1.61 )
	v( 1.55 0.305 1.61 )
	v( -1.55 -0.295 1.65 )
	v( -1.55 0.305 1.65 )
	v( -1.55 0.305 1.61 )
	v( -1.55 -0.295 1.61 )
	v( 1.55 -0.295 1.66 )
	v( 1.55 -0.295 1.65 )
	v( 1.55 0.305 1.66 )
	v( 1.55 -0.295 -1.66 )
	v( 1.55 0.305 -1.66 )
	v( 1.55 -0.295 -0.76 )
	v( 1.55 0.305 -0.76 )
	v( -1.55 0.305 1.66 )
	v( 1.55 -0.295 1.66 )
	v( -1.55 -0.295 1.65 )
	v( -1.55 -0.295 1.66 )
	v( -1.55 -0.295 1.65 )
	v( -1.55 -0.295 1.66 )
	v( -1.55 0.305 1.65 )
	v( -1.55 0.305 1.66 )
	n( -1 0 0 )
	n( -1 0 0 )
	n( -1 0 0 )
	n( -1 0 0 )
	n( -1 0 0 )
	n( 0 0 1 )
	n( 0 0 1 )
	n( 0 0 1 )
	n( 0 0 1 )
	n( 0 0 1 )
	n( 0 0 1 )
	n( 0 0 1 )
	n( 0 0 1 )
	n( 0 0 1 )
	n( 0 -1 0 )
	n( 0 -1 0 )
	n( 0 -1 0 )
	n( 0 -1 0 )
	n( 0 -1 0 )
	n( 0 -1 0 )
	n( 1 0 0 )
	n( 1 0 0 )
	n( 1 0 0 )
	n( 1 0 0 )
	n( 0 -1 0 )
	n( 0 -1 0 )
	n( 0 -1 0 )
	n( 0 -1 0 )
	n( 0 0 1 )
	n( 0 0 1 )
	n( 0 0 1 )
	n( 0 0 1 )
	n( 0 0 1 )
	n( 0 0 1 )
	n( 0 0 1 )
	n( 0 0 1 )
	n( 0 0 1 )
	n( 0 0 1 )
	n( 0 0 1 )
	n( 0 -1 0 )
	n( 0 -1 0 )
	n( 0 -1 0 )
	n( 0 -1 0 )
	n( 1 0 0 )
	n( 1 0 0 )
	n( 1 0 0 )
	n( 1 0 0 )
	n( -1 0 0 )
	n( -1 0 0 )
	n( -1 0 0 )
	n( -1 0 0 )
	n( -1 0 0 )
	n( -1 0 0 )
	n( 0 1 0 )
	n( 0 1 0 )
	n( 0 1 0 )
	n( 0 1 0 )
	n( 1 0 0 )
	n( 1 0 0 )
	n( 1 0 0 )
	n( 1 0 0 )
	n( 0 0 1 )
	n( 0 0 1 )
	n( 0 0 1 )
	n( 0 0 1 )
	n( 0 0 1 )
	n( 0 0 1 )
	n( 0 0 1 )
	n( 0 0 1 )
	n( 0 0 1 )
	n( 0 0 1 )
	n( 0 0 1 )
	n( -1 0 0 )
	n( -1 0 0 )
	n( -1 0 0 )
	n( -1 0 0 )
	n( -1 0 0 )
	n( -1 0 0 )
	n( -1 0 0 )
	n( -1 0 0 )
	n( 1 0 0 )
	n( 1 0 0 )
	n( 1 0 0 )
	n( 1 0 0 )
	n( 0 1 0 )
	n( 0 1 0 )
	n( 0 1 0 )
	n( 0 1 0 )
	n( 0 -1 0 )
	n( 0 -1 0 )
	n( 0 -1 0 )
	n( 0 -1 0 )
	n( 0 -1 0 )
	n( 0 -1 0 )
	n( -1 0 0 )
	n( -1 0 0 )
	n( -1 0 0 )
	n( -1 0 0 )
	n( 0 1 0 )
	n( 0 1 0 )
	n( 0 1 0 )
	n( 0 1 0 )
	n( 0 0 1 )
	n( 0 0 1 )
	n( 0 0 1 )
	n( 0 0 1 )
	n( 0 0 1 )
	n( 0 0 1 )
	n( 0 0 1 )
	n( 0 0 1 )
	n( 0 0 1 )
	n( 0 0 1 )
	n( 0 -1 0 )
	n( 0 -1 0 )
	n( 0 -1 0 )
	n( 0 -1 0 )
	n( 0 -1 0 )
	n( 0 -1 0 )
	n( 0 -1 0 )
	n( 0 -1 0 )
	n( 0 1 0 )
	n( 0 1 0 )
	n( 0 1 0 )
	n( 0 1 0 )
	n( -1 0 0 )
	n( -1 0 0 )
	n( -1 0 0 )
	n( -1 0 0 )
	n( 1 0 0 )
	n( 1 0 0 )
	n( 1 0 0 )
	n( 1 0 0 )
	n( 1 0 0 )
	n( 1 0 0 )
	n( 0 -1 0 )
	n( 0 -1 0 )
	n( 0 -1 0 )
	n( 0 -1 0 )
	n( -1 0 0 )
	n( -1 0 0 )
	n( -1 0 0 )
	n( -1 0 0 )
	n( 0 0 1 )
	n( 0 0 1 )
	n( 0 0 1 )
	n( 0 0 1 )
	n( 0 0 1 )
	n( 0 0 1 )
	n( 0 0 1 )
	n( 0 0 1 )
	n( 0 0 1 )
	n( 0 0 1 )
	n( 0 0 1 )
	n( 1 0 0 )
	n( 1 0 0 )
	n( 1 0 0 )
	n( 1 0 0 )
	n( 1 0 0 )
	n( 1 0 0 )
	n( 1 0 0 )
	n( 1 0 0 )
	n( -1 0 0 )
	n( -1 0 0 )
	n( -1 0 0 )
	n( -1 0 0 )
	n( 0 -1 0 )
	n( 0 -1 0 )
	n( 0 -1 0 )
	n( 0 -1 0 )
	n( 0 0 -1 )
	n( 0 0 -1 )
	n( 0 0 -1 )
	n( 0 0 -1 )
	n( 0 1 0 )
	n( 0 1 0 )
	n( 0 1 0 )
	n( 0 1 0 )
	n( -1 0 0 )
	n( -1 0 0 )
	n( -1 0 0 )
	n( -1 0 0 )
	n( 0 -1 0 )
	n( 0 -1 0 )
	n( 0 -1 0 )
	n( 0 -1 0 )
	n( 1 0 0 )
	n( 1 0 0 )
	n( 1 0 0 )
	n( 1 0 0 )
	n( 0 0 -1 )
	n( 0 0 -1 )
	n( 0 0 -1 )
	n( 0 0 -1 )
	n( 0 0 -1 )
	n( 0 0 -1 )
	n( 0 0 -1 )
	n( 0 0 -1 )
	n( 0 0 -1 )
	n( 0 0 -1 )
	n( 0 0 -1 )
	n( 0 0 -1 )
	n( 0 0 -1 )
	n( 0 0 -1 )
	n( 0 -1 0 )
	n( 0 -1 0 )
	n( 0 -1 0 )
	n( 0 -1 0 )
	n( 1 0 0 )
	n( 1 0 0 )
	n( 1 0 0 )
	n( 1 0 0 )
	n( -1 0 0 )
	n( -1 0 0 )
	n( -1 0 0 )
	n( -1 0 0 )
	n( 1 0 0 )
	n( 1 0 0 )
	n( 1 0 0 )
	n( 1 0 0 )
	n( 1 0 0 )
	n( 1 0 0 )
	n( 1 0 0 )
	n( 0 0 1 )
	n( 0 -1 0 )
	n( 0 -1 0 )
	n( 0 -1 0 )
	n( -0.999 0 -0.033 )
	n( -0.999 0 -0.033 )
	n( -0.999 0 -0.033 )
	n( -0.999 0 -0.033 )
	u0( 0.5 0.5 )
	u0( 1 1 )
	u0( 1 0 )
	u0( 1 0 )
	u0( 0 1 )
	u0( 0.5 0.5 )
	u0( 1 1 )
	u0( 0 1 )
	u0( 0 0.5 )
	u0( 1 0.5 )
	u0( 0 1 )
	u0( 0 0 )
	u0( 1 0 )
	u0( 1 1 )
	u0( 0.5 0.5 )
	u0( 0 1 )
	u0( 1 0.5 )
	u0( 1 1 )
	u0( 1 0 )
	u0( 1 0 )
	u0( 1 0 )
	u0( 0 1 )
	u0( 1 1 )
	u0( 1 0 )
	u0( 1 0 )
	u0( 0 1 )
	u0( 1 1 )
	u0( 1 0 )
	u0( 1 0 )
	u0( 0 1 )
	u0( 1 1 )
	u0( 1 0 )
	u0( 1 0 )
	u0( 0 1 )
	u0( 1 1 )
	u0( 1 0 )
	u0( 0 1 )
	u0( 1 1 )
	u0( 1 0 )
	u0( 1 0 )
	u0( 0 1 )
	u0( 1 1 )
	u0( 1 0 )
	u0( 1 0 )
	u0( 0 1 )
	u0( 1 1 )
	u0( 1 0 )
	u0( 1 0 )
	u0( 0 1 )
	u0( 1 1 )
	u0( 1 0 )
	u0( 0 1 )
	u0( 1 1 )
	u0( 1 0 )
	u0( 0 1 )
	u0( 1 1 )
	u0( 1 0 )
	u0( 1 0 )
	u0( 0 1 )
	u0( 1 1 )
	u0( 1 0 )
	u0( 1 0 )
	u0( 0 1 )
	u0( 1 1 )
	u0( 1 0 )
	u0( 1 0 )
	u0( 0 1 )
	u0( 1 1 )
	u0( 1 0 )
	u0( 0 1 )
	u0( 1 1 )
	u0( 1 0 )
	u0( 1 0 )
	u0( 0 1 )
	u0( 1 1 )
	u0( 1 0 )
	u0( 1 0 )
	u0( 0 1 )
	u0( 1 1 )
	u0( 1 0 )
	u0( 1 0 )
	u0( 0 1 )
	u0( 1 1 )
	u0( 1 0 )
	u0( 1 0 )
	u0( 0 1 )
	u0( 1 1 )
	u0( 1 0 )
	u0( 1 0 )
	u0( 0 1 )
	u0( 1 1 )
	u0( 1 0 )
	u0( 0 1 )
	u0( 1 1 )
	u0( 1 0 )
	u0( 0 1 )
	u0( 1 1 )
	u0( 1 0 )
	u0( 1 0 )
	u0( 0 1 )
	u0( 1 1 )
	u0( 1 0 )
	u0( 1 1 )
	u0( 1 1 )
	u0( 1 0 )
	u0( 0 1 )
	u0( 1 0 )
	u0( 1 1 )
	u0( 1 0 )
	u0( 0 1 )
	u0( 1 1 )
	u0( 1 0 )
	u0( 1 0 )
	u0( 0 1 )
	u0( 1 1 )
	u0( 1 0 )
	u0( 1 0 )
	u0( 0 1 )
	u0( 1 1 )
	u0( 1 0 )
	u0( 1 0 )
	u0( 0 1 )
	u0( 1 1 )
	u0( 1 0 )
	u0( 1 0 )
	u0( 0 1 )
	u0( 1 1 )
	u0( 1 0 )
	u0( 1 0 )
	u0( 0 1 )
	u0( 1 1 )
	u0( 1 0 )
	u0( 0 1 )
	u0( 1 1 )
	u0( 1 0 )
	u0( 0 1 )
	u0( 1 1 )
	u0( 1 0 )
	u0( 1 0 )
	u0( 0 1 )
	u0( 1 1 )
	u0( 1 0 )
	u0( 1 0 )
	u0( 0 1 )
	u0( 1 1 )
	u0( 1 0 )
	u0( 0 1 )
	u0( 1 1 )
	u0( 1 0 )
	u0( 1 1 )
	u0( 0 1 )
	u0( 1 1 )
	u0( 1 0 )
	u0( 1 0 )
	u0( 0 1 )
	u0( 1 1 )
	u0( 1 0 )
	u0( 1 0 )
	u0( 0 1 )
	u0( 1 1 )
	u0( 1 0 )
	u0( 1 0 )
	u0( 0 1 )
	u0( 1 1 )
	u0( 1 0 )
	u0( 1 0 )
	u0( 0 1 )
	u0( 1 1 )
	u0( 1 0 )
	u0( 1 0 )
	u0( 0 1 )
	u0( 1 1 )
	u0( 1 0 )
	u0( 1 0 )
	u0( 0 1 )
	u0( 1 1 )
	u0( 1 0 )
	u0( 1 0 )
	u0( 0 1 )
	u0( 1 1 )
	u0( 1 0 )
	u0( 1 0 )
	u0( 0 1 )
	u0( 1 1 )
	u0( 1 0 )
	u0( 1 0 )
	u0( 0 1 )
	u0( 1 1 )
	u0( 1 0 )
	u0( 1 0 )
	u0( 0 1 )
	u0( 1 1 )
	u0( 1 0 )
	u0( 1 1 )
	u0( 1 0 )
	u0( 0 1 )
	u0( 1 1 )
	u0( 1 0 )
	u0( 1 1 )
	u0( 1 1 )
	u0( 1 1 )
	u0( 1 0 )
	u0( 0 1 )
	u0( 1 0 )
	u0( 0 1 )
	u0( 1 1 )
	u0( 1 0 )
	u0( 1 0 )
	u0( 0 1 )
	u0( 1 1 )
	u0( 1 0 )
	u0( 1 0 )
	u0( 0 1 )
	u0( 1 1 )
	u0( 1 0 )
	u0( 1 1 )
	u0( 1 0 )
	u0( 0 1 )
	u0( 1 1 )
	u0( 1 0 )
	u0( 0 1 )
	u0( 1 0 )
	u0( 0 1 )
	u0( 0 1 )
	u0( 1 0 )
	u0( 1 1 )
	u0( 1 0 )
	u0( 0 1 )
	u0( 1 0 )
	u0( 1 1 )
	ng( 1 )
	g( "mattBlack" )
	mt( "material/blackMetalShelfMat" )
	ni( 348 5 )
	i( 3 211 213 214 )
	i( 3 214 204 204 )
	i( 3 203 205 206 )
	i( 3 206 203 203 )
	i( 3 203 223 224 )
	i( 3 225 225 200 )
	i( 3 200 200 199 )
	i( 3 201 202 202 )
	i( 3 197 197 196 )
	i( 3 195 198 198 )
	i( 3 191 191 193 )
	i( 3 194 195 195 )
	i( 3 190 190 189 )
	i( 3 191 192 192 )
	i( 3 186 186 185 )
	i( 3 187 188 188 )
	i( 3 182 182 181 )
	i( 3 183 184 184 )
	i( 3 178 178 177 )
	i( 3 179 180 180 )
	i( 3 174 174 173 )
	i( 3 175 176 176 )
	i( 3 170 170 169 )
	i( 3 171 172 172 )
	i( 3 166 166 165 )
	i( 3 167 168 168 )
	i( 3 162 162 161 )
	i( 3 163 164 164 )
	i( 3 158 158 157 )
	i( 3 159 160 160 )
	i( 3 154 154 153 )
	i( 3 155 156 156 )
	i( 3 222 222 145 )
	i( 3 67 104 104 )
	i( 3 150 150 145 )
	i( 3 151 152 152 )
	i( 3 109 109 104 )
	i( 3 110 111 111 )
	i( 3 103 103 102 )
	i( 3 104 105 105 )
	i( 3 105 105 106 )
	i( 3 107 108 108 )
	i( 3 143 143 142 )
	i( 3 144 145 145 )
	i( 3 139 139 138 )
	i( 3 140 141 141 )
	i( 3 135 135 134 )
	i( 3 136 137 137 )
	i( 3 129 129 128 )
	i( 3 130 128 131 )
	i( 3 133 132 132 )
	i( 3 4 4 1 )
	i( 3 0 2 3 )
	i( 3 3 125 125 )
	i( 3 124 126 127 )
	i( 3 127 121 121 )
	i( 3 120 122 123 )
	i( 3 123 117 117 )
	i( 3 116 118 119 )
	i( 3 119 113 113 )
	i( 3 112 114 115 )
	i( 3 115 99 99 )
	i( 3 98 100 101 )
	i( 3 101 95 95 )
	i( 3 94 96 97 )
	i( 3 97 89 89 )
	i( 3 88 90 88 )
	i( 3 91 93 92 )
	i( 3 92 218 218 )
	i( 3 219 220 221 )
	i( 3 221 215 215 )
	i( 3 216 217 217 )
	i( 3 85 85 84 )
	i( 3 86 87 87 )
	i( 3 81 81 80 )
	i( 3 82 83 83 )
	i( 3 77 77 76 )
	i( 3 78 79 79 )
	i( 3 73 73 72 )
	i( 3 74 75 75 )
	i( 3 69 69 64 )
	i( 3 70 71 71 )
	i( 3 62 62 61 )
	i( 3 63 64 64 )
	i( 3 66 66 65 )
	i( 3 67 68 68 )
	i( 3 58 58 57 )
	i( 3 59 60 60 )
	i( 3 54 54 53 )
	i( 3 55 56 56 )
	i( 3 44 44 43 )
	i( 3 45 46 46 )
	i( 3 40 40 39 )
	i( 3 41 42 42 )
	i( 3 36 36 31 )
	i( 3 37 38 38 )
	i( 3 29 29 28 )
	i( 3 30 31 31 )
	i( 3 33 33 32 )
	i( 3 34 35 35 )
	i( 3 25 25 24 )
	i( 3 26 27 27 )
	i( 3 21 21 20 )
	i( 3 22 23 23 )
	i( 3 11 11 10 )
	i( 3 12 13 13 )
	i( 3 9 9 5 )
	i( 3 6 5 7 )
	i( 3 8 8 17 )
	i( 3 17 15 16 )
	i( 3 14 19 18 )
	i( 3 18 51 51 )
	i( 3 51 52 50 )
	i( 3 47 49 48 )
	i( 3 48 146 146 )
	i( 3 147 148 149 )
}
