object( "object/window" )
{
	l( 4 1.851 2.067 )
	ra( 2.949 )
	di( 0.147 2.635 1.317 )
	vb( 23584 8844 0 17688 0 )
	v( 0.014 -0.895 0.892 )
	v( 0.014 -1.095 0.673 )
	v( 0.014 -1.095 1.103 )
	v( 0.014 2.13 0.863 )
	v( 0.014 1.825 1.053 )
	v( 0.014 2.435 1.003 )
	v( 0.014 2.435 0.673 )
	v( 0.014 -1.295 0.673 )
	v( 0.014 -1.56 0.863 )
	v( 0.014 -1.295 1.091 )
	v( 0.014 0.405 0.892 )
	v( 0.014 0.105 0.673 )
	v( 0.014 0.105 1.117 )
	v( 0.014 1.565 0.863 )
	v( 0.014 1.305 0.673 )
	v( 0.014 1.305 1.091 )
	v( 0.014 1.87 -0.322 )
	v( 0.014 1.305 -1.117 )
	v( 0.014 1.305 0.473 )
	v( 0.014 2.435 -1.117 )
	v( 0.014 -1.095 -1.117 )
	v( 0.014 -1.095 0.473 )
	v( 0.014 -0.595 -0.322 )
	v( 0.014 -0.095 -1.117 )
	v( 0.014 -2.435 0.673 )
	v( 0.014 -2.435 1.003 )
	v( 0.014 -2.13 0.863 )
	v( 0.014 -1.825 1.053 )
	v( 0.014 -0.395 0.892 )
	v( 0.014 -0.695 1.111 )
	v( 0.014 0.705 1.111 )
	v( 0.014 1.105 1.103 )
	v( 0.014 0.905 0.892 )
	v( 0.014 1.105 0.673 )
	v( 0.014 -0.095 1.117 )
	v( 0.014 -0.095 0.673 )
	v( 0.014 2.435 0.473 )
	v( 0.014 0.105 0.473 )
	v( 0.014 0.605 -0.322 )
	v( 0.014 0.105 -1.117 )
	v( 0.014 1.105 -1.117 )
	v( 0.014 1.105 0.473 )
	v( 0.014 -1.295 -1.117 )
	v( 0.014 -1.865 -0.322 )
	v( 0.014 -1.295 0.473 )
	v( 0.014 -2.435 0.473 )
	v( 0.014 -2.435 -1.117 )
	v( -0.147 2.435 1.003 )
	v( -0.126 2.435 1.003 )
	v( -0.147 2.435 0.673 )
	v( -0.147 2.435 0.673 )
	v( -0.127 2.435 0.673 )
	v( -0.126 2.435 1.003 )
	v( 0.147 1.305 1.091 )
	v( 0.014 1.305 1.091 )
	v( 0.147 1.825 1.053 )
	v( 0.014 1.825 1.053 )
	v( 0.014 1.825 1.053 )
	v( 0.014 2.435 1.003 )
	v( 0.147 2.435 1.003 )
	v( 0.147 1.825 1.053 )
	v( 0.146 -1.295 1.091 )
	v( 0.146 -1.825 1.053 )
	v( 0.014 -1.825 1.053 )
	v( 0.014 -1.295 1.091 )
	v( 0.014 -1.825 1.053 )
	v( 0.146 -1.825 1.053 )
	v( 0.146 -2.435 1.003 )
	v( 0.014 -2.435 1.003 )
	v( 0.147 2.435 0.473 )
	v( 0.014 2.435 0.473 )
	v( 0.147 2.435 -1.117 )
	v( 0.014 2.435 -1.117 )
	v( 0.147 2.435 1.003 )
	v( 0.014 2.435 1.003 )
	v( 0.014 2.435 0.673 )
	v( 0.147 2.435 0.673 )
	v( 0.014 -2.435 0.473 )
	v( 0.146 -2.435 0.473 )
	v( 0.146 -2.435 -1.117 )
	v( 0.014 -2.435 -1.117 )
	v( 0.146 -2.435 1.003 )
	v( 0.146 -2.435 0.673 )
	v( 0.014 -2.435 1.003 )
	v( 0.014 -2.435 0.673 )
	v( 0.014 1.305 -1.117 )
	v( 0.147 1.305 -1.117 )
	v( 0.147 2.435 -1.117 )
	v( 0.014 2.435 -1.117 )
	v( 0.146 -2.435 0.673 )
	v( 0.146 -1.295 0.673 )
	v( 0.014 -1.295 0.673 )
	v( 0.014 -2.435 0.673 )
	v( 0.014 -1.295 0.473 )
	v( 0.146 -1.295 0.473 )
	v( 0.146 -2.435 0.473 )
	v( 0.014 -2.435 0.473 )
	v( 0.014 2.435 0.673 )
	v( 0.014 1.305 0.673 )
	v( 0.147 2.435 0.673 )
	v( 0.147 1.305 0.673 )
	v( 0.147 2.435 0.473 )
	v( 0.147 1.305 0.473 )
	v( 0.014 1.305 0.473 )
	v( 0.014 2.435 0.473 )
	v( 0.014 -0.695 1.111 )
	v( 0.146 -0.695 1.111 )
	v( 0.146 -1.095 1.103 )
	v( 0.014 -1.095 1.103 )
	v( 0.147 1.105 1.103 )
	v( 0.146 0.705 1.111 )
	v( 0.014 1.105 1.103 )
	v( 0.014 0.705 1.111 )
	v( 0.146 -1.295 0.473 )
	v( 0.014 -1.295 0.473 )
	v( 0.146 -1.295 -1.117 )
	v( 0.014 -1.295 -1.117 )
	v( 0.147 1.105 0.473 )
	v( 0.014 1.105 0.473 )
	v( 0.147 1.105 -1.117 )
	v( 0.014 1.105 -1.117 )
	v( 0.146 -2.435 -1.117 )
	v( 0.146 -1.295 -1.117 )
	v( 0.014 -1.295 -1.117 )
	v( 0.014 -2.435 -1.117 )
	v( 0.146 -1.095 0.473 )
	v( 0.146 -1.095 -1.117 )
	v( 0.014 -1.095 0.473 )
	v( 0.014 -1.095 -1.117 )
	v( 0.147 1.305 0.473 )
	v( 0.147 1.305 -1.117 )
	v( 0.014 1.305 0.473 )
	v( 0.014 1.305 -1.117 )
	v( 0.014 -0.695 1.111 )
	v( 0.014 -0.095 1.117 )
	v( 0.146 -0.695 1.111 )
	v( 0.146 -0.095 1.117 )
	v( 0.146 0.705 1.111 )
	v( 0.146 0.105 1.117 )
	v( 0.014 0.705 1.111 )
	v( 0.014 0.105 1.117 )
	v( 0.147 1.105 -1.117 )
	v( 0.014 1.105 -1.117 )
	v( 0.146 0.105 -1.117 )
	v( 0.014 0.105 -1.117 )
	v( 0.014 -1.095 -1.117 )
	v( 0.146 -1.095 -1.117 )
	v( 0.014 -0.095 -1.117 )
	v( 0.146 -0.095 -1.117 )
	v( 0.014 -1.095 0.473 )
	v( 0.014 -0.095 0.473 )
	v( 0.146 -1.095 0.473 )
	v( 0.146 -0.095 0.473 )
	v( 0.014 -1.095 0.673 )
	v( 0.146 -1.095 0.673 )
	v( 0.014 -0.095 0.673 )
	v( 0.146 -0.095 0.673 )
	v( 0.147 1.105 0.673 )
	v( 0.014 1.105 0.673 )
	v( 0.146 0.105 0.673 )
	v( 0.014 0.105 0.673 )
	v( 0.147 1.105 0.473 )
	v( 0.146 0.105 0.473 )
	v( 0.014 1.105 0.473 )
	v( 0.014 0.105 0.473 )
	v( 0.146 -0.095 0.473 )
	v( 0.014 -0.095 0.473 )
	v( 0.146 -0.095 -1.117 )
	v( 0.014 -0.095 -1.117 )
	v( 0.146 0.105 0.473 )
	v( 0.146 0.105 -1.117 )
	v( 0.014 0.105 -1.117 )
	v( 0.014 0.105 0.473 )
	v( 0.146 -0.095 0.673 )
	v( 0.146 -0.095 1.117 )
	v( 0.014 -0.095 1.117 )
	v( 0.014 -0.095 0.673 )
	v( 0.146 0.105 1.117 )
	v( 0.146 0.105 0.673 )
	v( 0.014 0.105 0.673 )
	v( 0.014 0.105 1.117 )
	v( 0.146 -1.295 1.091 )
	v( 0.014 -1.295 1.091 )
	v( 0.146 -1.295 0.673 )
	v( 0.014 -1.295 0.673 )
	v( 0.014 -1.095 1.103 )
	v( 0.146 -1.095 1.103 )
	v( 0.146 -1.095 0.673 )
	v( 0.014 -1.095 0.673 )
	v( 0.147 1.105 0.673 )
	v( 0.147 1.105 1.103 )
	v( 0.014 1.105 1.103 )
	v( 0.014 1.105 0.673 )
	v( 0.147 1.305 1.091 )
	v( 0.147 1.305 0.673 )
	v( 0.014 1.305 0.673 )
	v( 0.014 1.305 1.091 )
	v( -0.127 -0.695 1.111 )
	v( -0.126 -0.095 1.117 )
	v( 0.014 -0.695 1.111 )
	v( -0.127 -1.095 1.103 )
	v( -0.127 -0.695 1.111 )
	v( 0.014 -0.695 1.111 )
	v( -0.127 0.705 1.111 )
	v( -0.126 1.105 1.103 )
	v( 0.014 0.705 1.111 )
	v( 0.014 1.105 1.103 )
	v( -0.127 0.705 1.111 )
	v( -0.126 0.105 1.117 )
	v( -0.127 -0.095 -1.117 )
	v( -0.127 -1.095 -1.117 )
	v( 0.014 -0.095 -1.117 )
	v( 0.014 -1.095 -1.117 )
	v( -0.127 0.105 -1.117 )
	v( 0.014 0.105 -1.117 )
	v( -0.127 1.105 -1.117 )
	v( 0.014 1.105 -1.117 )
	v( -0.127 -1.295 0.673 )
	v( -0.127 -2.435 0.673 )
	v( -0.127 -0.095 0.673 )
	v( -0.127 -1.095 0.673 )
	v( -0.126 1.105 0.673 )
	v( 0.014 0.105 0.673 )
	v( -0.127 0.105 0.673 )
	v( 0.014 1.305 0.673 )
	v( -0.126 1.305 0.673 )
	v( -0.127 2.435 0.673 )
	v( -0.126 1.305 1.091 )
	v( 0.014 1.305 1.091 )
	v( 0.014 1.305 0.673 )
	v( -0.126 1.305 0.673 )
	v( -0.126 1.105 1.103 )
	v( -0.126 1.105 0.673 )
	v( 0.014 1.105 1.103 )
	v( 0.014 -1.095 0.673 )
	v( -0.127 -1.095 0.673 )
	v( -0.127 -1.095 1.103 )
	v( 0.014 -1.095 1.103 )
	v( -0.127 -1.295 0.673 )
	v( 0.014 -1.295 0.673 )
	v( -0.126 -1.295 1.091 )
	v( 0.014 -1.295 1.091 )
	v( -0.127 0.105 0.673 )
	v( -0.126 0.105 1.117 )
	v( 0.014 0.105 0.673 )
	v( 0.014 0.105 1.117 )
	v( 0.014 -0.095 1.117 )
	v( -0.126 -0.095 1.117 )
	v( 0.014 -0.095 0.673 )
	v( -0.127 -0.095 0.673 )
	v( -0.127 -0.095 -1.117 )
	v( -0.127 -0.095 0.473 )
	v( -0.127 0.105 -1.117 )
	v( -0.127 0.105 0.473 )
	v( 0.014 0.105 -1.117 )
	v( 0.014 0.105 0.473 )
	v( -0.127 0.105 0.473 )
	v( -0.126 1.105 0.473 )
	v( 0.014 0.105 0.473 )
	v( 0.014 1.105 0.473 )
	v( -0.127 -1.095 0.473 )
	v( -0.127 -0.095 0.473 )
	v( 0.014 -0.095 0.473 )
	v( -0.127 1.305 -1.117 )
	v( -0.127 1.305 0.473 )
	v( 0.014 1.305 0.473 )
	v( 0.014 1.305 -1.117 )
	v( -0.127 -1.095 0.473 )
	v( 0.014 -1.095 -1.117 )
	v( -0.127 -1.095 -1.117 )
	v( -0.126 2.435 1.003 )
	v( -0.126 1.825 1.053 )
	v( -0.127 2.435 0.673 )
	v( 0.014 2.435 1.003 )
	v( 0.014 2.435 -1.117 )
	v( -0.126 2.435 -1.117 )
	v( 0.014 1.305 -1.117 )
	v( -0.127 1.305 -1.117 )
	v( -0.127 -1.295 -1.117 )
	v( -0.126 -2.435 -1.117 )
	v( 0.014 -1.295 -1.117 )
	v( 0.014 -2.435 -1.117 )
	v( 0.014 -2.435 -1.117 )
	v( -0.126 -2.435 -1.117 )
	v( 0.014 -2.435 0.473 )
	v( -0.127 -2.435 0.473 )
	v( -0.126 -2.435 1.003 )
	v( -0.126 -1.825 1.053 )
	v( 0.014 -1.825 1.053 )
	v( -0.127 -2.435 0.673 )
	v( -0.126 -2.435 1.003 )
	v( 0.014 -2.435 0.673 )
	v( 0.014 -2.435 1.003 )
	v( 0.014 2.435 0.473 )
	v( 0.014 1.305 0.473 )
	v( -0.127 1.305 0.473 )
	v( -0.127 2.435 0.473 )
	v( -0.126 2.435 -1.117 )
	v( -0.127 2.435 0.473 )
	v( 0.014 1.105 0.473 )
	v( -0.126 1.105 0.473 )
	v( 0.014 1.105 -1.117 )
	v( -0.127 1.105 -1.117 )
	v( -0.127 -1.295 0.473 )
	v( -0.127 -1.295 -1.117 )
	v( 0.014 -1.295 -1.117 )
	v( -0.127 -2.435 0.473 )
	v( -0.127 -1.295 0.473 )
	v( 0.014 -1.295 0.473 )
	v( -0.126 -1.295 1.091 )
	v( 0.014 -1.295 1.091 )
	v( 0.014 -1.825 1.053 )
	v( -0.126 -1.825 1.053 )
	v( -0.126 1.305 1.091 )
	v( -0.126 1.825 1.053 )
	v( 0.014 1.825 1.053 )
	v( 0.014 1.305 1.091 )
	v( 0.014 -0.095 0.473 )
	v( 0.053 1.825 1.253 )
	v( -0.147 1.825 1.253 )
	v( -0.147 1.305 1.291 )
	v( 0.053 1.305 1.291 )
	v( 0.053 1.105 1.303 )
	v( 0.053 1.305 1.291 )
	v( -0.147 1.305 1.291 )
	v( -0.147 1.105 1.303 )
	v( 0.053 -1.295 1.291 )
	v( 0.053 -1.095 1.303 )
	v( -0.147 -1.295 1.291 )
	v( -0.147 -1.095 1.303 )
	v( 0.053 -1.825 1.253 )
	v( 0.053 -1.295 1.291 )
	v( -0.147 -1.295 1.291 )
	v( -0.147 -1.825 1.253 )
	v( 0.053 -2.435 1.203 )
	v( 0.053 -1.825 1.253 )
	v( -0.147 -1.825 1.253 )
	v( -0.147 -2.435 1.203 )
	v( 0.053 2.435 1.203 )
	v( -0.147 2.435 1.203 )
	v( -0.147 1.825 1.253 )
	v( 0.053 1.825 1.253 )
	v( -0.147 0.705 1.311 )
	v( 0.053 0.705 1.311 )
	v( -0.147 1.105 1.303 )
	v( 0.053 1.105 1.303 )
	v( 0.053 -0.695 1.311 )
	v( -0.147 -0.695 1.311 )
	v( -0.147 -1.095 1.303 )
	v( 0.053 -1.095 1.303 )
	v( 0.053 0.105 1.317 )
	v( -0.147 0.105 1.317 )
	v( -0.147 -0.095 1.317 )
	v( 0.053 -0.095 1.317 )
	v( -0.147 0.705 1.311 )
	v( -0.147 0.105 1.317 )
	v( 0.053 0.705 1.311 )
	v( 0.053 0.105 1.317 )
	v( -0.147 -0.695 1.311 )
	v( 0.053 -0.695 1.311 )
	v( -0.147 -0.095 1.317 )
	v( 0.053 -0.095 1.317 )
	v( -0.147 -2.635 0.673 )
	v( 0.053 -2.635 0.673 )
	v( -0.147 -2.635 1.003 )
	v( 0.053 -2.635 1.003 )
	v( 0.053 -2.635 0.473 )
	v( -0.147 -2.635 0.473 )
	v( -0.147 -2.635 -1.117 )
	v( 0.053 -2.635 0.473 )
	v( 0.053 -2.635 -1.117 )
	v( -0.147 2.635 0.473 )
	v( 0.053 2.635 0.473 )
	v( -0.147 2.635 -1.117 )
	v( 0.053 2.635 -1.117 )
	v( 0.053 2.635 1.003 )
	v( 0.053 2.635 0.473 )
	v( -0.147 2.635 1.003 )
	v( 0.053 2.435 -1.317 )
	v( 0.053 1.305 -1.317 )
	v( -0.147 2.435 -1.317 )
	v( -0.147 1.305 -1.317 )
	v( 0.053 -1.295 -1.317 )
	v( -0.147 -1.295 -1.317 )
	v( -0.147 -1.095 -1.317 )
	v( 0.053 -1.095 -1.317 )
	v( -0.147 -1.295 -1.317 )
	v( 0.053 -1.295 -1.317 )
	v( -0.147 -2.435 -1.317 )
	v( 0.053 -2.435 -1.317 )
	v( 0.053 1.105 -1.317 )
	v( -0.147 1.105 -1.317 )
	v( -0.147 1.305 -1.317 )
	v( 0.053 1.305 -1.317 )
	v( 0.053 0.105 -1.317 )
	v( -0.147 0.105 -1.317 )
	v( -0.147 1.105 -1.317 )
	v( 0.053 1.105 -1.317 )
	v( 0.053 -0.095 -1.317 )
	v( -0.147 -0.095 -1.317 )
	v( 0.053 0.105 -1.317 )
	v( 0.053 -2.635 -1.317 )
	v( 0.053 -2.635 -1.117 )
	v( -0.147 -2.635 -1.317 )
	v( 0.053 2.635 -1.317 )
	v( -0.147 2.635 -1.317 )
	v( -0.147 2.635 -1.117 )
	v( 0.053 2.635 -1.117 )
	v( 0.053 -2.635 1.18 )
	v( -0.147 -2.635 1.18 )
	v( -0.147 -2.635 1.003 )
	v( 0.053 -2.635 1.003 )
	v( 0.053 2.635 1.18 )
	v( 0.053 2.635 1.003 )
	v( -0.147 2.635 1.18 )
	v( 0.053 -2.635 -1.317 )
	v( -0.147 -2.635 -1.317 )
	v( 0.053 -2.435 -1.317 )
	v( 0.053 2.635 -1.317 )
	v( 0.053 2.435 -1.317 )
	v( -0.147 2.435 -1.317 )
	v( -0.147 2.635 -1.317 )
	v( 0.053 2.435 1.203 )
	v( 0.053 2.635 1.18 )
	v( -0.147 2.635 1.18 )
	v( -0.147 2.435 1.203 )
	v( 0.053 -2.435 1.203 )
	v( -0.147 -2.435 1.203 )
	v( -0.147 -2.635 1.18 )
	v( 0.053 -2.635 1.18 )
	v( -0.147 -2.635 1.003 )
	v( -0.147 -2.635 1.18 )
	v( -0.147 -2.435 1.003 )
	v( -0.147 -2.435 1.203 )
	v( -0.147 2.435 1.203 )
	v( -0.147 2.635 1.18 )
	v( -0.147 2.435 1.003 )
	v( -0.147 2.635 1.003 )
	v( -0.147 2.635 -1.317 )
	v( -0.147 2.435 -1.317 )
	v( -0.147 2.435 -1.117 )
	v( -0.147 2.635 -1.117 )
	v( -0.147 -2.635 -1.317 )
	v( -0.147 -2.635 -1.117 )
	v( -0.147 -2.435 -1.117 )
	v( -0.147 -2.435 -1.317 )
	v( -0.147 -0.095 -1.317 )
	v( -0.147 -1.095 -1.317 )
	v( -0.147 -1.095 -1.117 )
	v( -0.147 -0.095 -1.117 )
	v( -0.147 0.105 -1.317 )
	v( -0.147 -0.095 -1.317 )
	v( -0.147 -0.095 -1.117 )
	v( -0.147 0.105 -1.117 )
	v( -0.147 1.105 -1.317 )
	v( -0.147 0.105 -1.117 )
	v( -0.147 1.105 -1.117 )
	v( -0.147 1.305 -1.317 )
	v( -0.147 1.105 -1.317 )
	v( -0.147 1.105 -1.117 )
	v( -0.147 1.305 -1.117 )
	v( -0.147 -1.295 -1.317 )
	v( -0.147 -2.435 -1.317 )
	v( -0.147 -2.435 -1.117 )
	v( -0.147 -1.295 -1.117 )
	v( -0.147 -1.095 -1.317 )
	v( -0.147 -1.295 -1.317 )
	v( -0.147 -1.295 -1.117 )
	v( -0.147 -1.095 -1.117 )
	v( -0.147 2.435 -1.317 )
	v( -0.147 1.305 -1.317 )
	v( -0.147 1.305 -1.117 )
	v( -0.147 2.435 -1.117 )
	v( -0.147 2.635 0.473 )
	v( -0.147 2.435 0.473 )
	v( -0.147 2.635 1.003 )
	v( -0.147 2.635 -1.117 )
	v( -0.147 2.635 0.473 )
	v( -0.147 -2.635 -1.117 )
	v( -0.147 -2.635 0.473 )
	v( -0.147 -2.435 0.473 )
	v( -0.147 -2.435 0.673 )
	v( -0.147 -2.635 0.473 )
	v( -0.147 -2.635 0.673 )
	v( -0.147 -2.435 1.003 )
	v( -0.147 -2.435 0.673 )
	v( -0.147 -2.635 0.673 )
	v( -0.127 -1.295 0.673 )
	v( -0.127 -1.295 0.473 )
	v( -0.127 -2.435 0.473 )
	v( -0.127 -2.435 0.673 )
	v( -0.126 1.305 0.673 )
	v( -0.127 2.435 0.673 )
	v( -0.127 1.305 0.473 )
	v( -0.127 2.435 0.473 )
	v( -0.127 -1.095 -1.117 )
	v( -0.127 -1.295 -1.117 )
	v( -0.127 -1.095 0.473 )
	v( -0.127 1.305 -1.117 )
	v( -0.127 1.105 -1.117 )
	v( -0.126 1.105 0.473 )
	v( -0.127 1.305 0.473 )
	v( -0.127 -0.095 0.473 )
	v( -0.127 -1.095 0.473 )
	v( -0.127 -1.095 0.673 )
	v( -0.127 -0.095 0.673 )
	v( -0.127 0.105 0.473 )
	v( -0.127 0.105 0.673 )
	v( -0.126 1.105 0.673 )
	v( -0.126 1.105 0.473 )
	v( -0.127 0.105 0.673 )
	v( -0.127 -0.095 0.673 )
	v( -0.126 0.105 1.117 )
	v( -0.126 -0.095 1.117 )
	v( -0.126 -1.295 1.091 )
	v( -0.127 -1.095 0.673 )
	v( -0.127 -1.095 1.103 )
	v( -0.126 1.105 1.103 )
	v( -0.126 1.305 1.091 )
	v( -0.126 1.105 0.673 )
	v( -0.126 1.305 0.673 )
	v( -0.127 0.105 0.473 )
	v( -0.127 0.105 -1.117 )
	v( -0.127 -0.095 -1.117 )
	v( -0.147 -2.435 0.473 )
	v( -0.127 -2.435 0.473 )
	v( -0.147 -2.435 -1.117 )
	v( -0.147 -2.435 0.473 )
	v( -0.147 -2.435 0.673 )
	v( -0.147 -2.435 1.003 )
	v( -0.126 -2.435 1.003 )
	v( -0.147 -1.825 1.053 )
	v( -0.126 -1.825 1.053 )
	v( -0.126 -2.435 1.003 )
	v( -0.147 -2.435 1.003 )
	v( -0.147 -1.825 1.053 )
	v( -0.147 -1.295 1.091 )
	v( -0.126 -1.295 1.091 )
	v( -0.126 -1.825 1.053 )
	v( -0.147 -1.095 1.103 )
	v( -0.127 -1.095 1.103 )
	v( -0.147 -1.295 1.091 )
	v( -0.126 -1.295 1.091 )
	v( -0.147 -0.695 1.111 )
	v( -0.127 -0.695 1.111 )
	v( -0.127 -1.095 1.103 )
	v( -0.147 -1.095 1.103 )
	v( -0.147 -0.695 1.111 )
	v( -0.147 -0.095 1.117 )
	v( -0.126 -0.095 1.117 )
	v( -0.147 0.105 1.117 )
	v( -0.126 0.105 1.117 )
	v( -0.126 -0.095 1.117 )
	v( -0.147 -0.095 1.117 )
	v( -0.147 0.105 1.117 )
	v( -0.147 0.705 1.111 )
	v( -0.127 0.705 1.111 )
	v( -0.147 0.705 1.111 )
	v( -0.147 1.105 1.103 )
	v( -0.126 1.105 1.103 )
	v( -0.147 1.105 1.103 )
	v( -0.147 1.305 1.091 )
	v( -0.126 1.105 1.103 )
	v( -0.126 1.305 1.091 )
	v( -0.126 1.825 1.053 )
	v( -0.147 1.825 1.053 )
	v( -0.147 1.305 1.091 )
	v( -0.147 1.825 1.053 )
	v( -0.147 2.435 1.003 )
	v( -0.126 1.825 1.053 )
	v( -0.147 2.435 0.673 )
	v( -0.147 2.435 0.473 )
	v( -0.127 2.435 0.473 )
	v( -0.147 2.435 0.473 )
	v( -0.147 2.435 -1.117 )
	v( -0.127 2.435 0.473 )
	v( -0.126 2.435 -1.117 )
	v( -0.147 1.305 -1.117 )
	v( -0.147 2.435 -1.117 )
	v( -0.126 2.435 -1.117 )
	v( -0.147 1.105 -1.117 )
	v( -0.127 1.105 -1.117 )
	v( -0.127 1.305 -1.117 )
	v( -0.147 0.105 -1.117 )
	v( -0.127 0.105 -1.117 )
	v( -0.127 1.105 -1.117 )
	v( -0.147 -0.095 -1.117 )
	v( -0.127 -0.095 -1.117 )
	v( -0.147 0.105 -1.117 )
	v( -0.147 -1.095 -1.117 )
	v( -0.127 -0.095 -1.117 )
	v( -0.147 -1.295 -1.117 )
	v( -0.127 -1.295 -1.117 )
	v( -0.147 -1.095 -1.117 )
	v( -0.127 -1.295 -1.117 )
	v( -0.147 -2.435 -1.117 )
	v( -0.137 -0.095 0.473 )
	v( -0.137 0.105 0.473 )
	v( -0.127 0.105 0.473 )
	v( -0.127 -0.095 0.473 )
	v( -0.137 0.105 0.673 )
	v( -0.137 -0.095 0.673 )
	v( -0.127 -0.095 0.673 )
	v( -0.137 0.105 0.473 )
	v( -0.137 0.105 0.673 )
	v( -0.127 0.105 0.673 )
	v( -0.137 -0.095 0.673 )
	v( -0.137 -0.095 0.473 )
	v( -0.137 -1.295 0.473 )
	v( -0.137 -1.095 0.473 )
	v( -0.127 -1.095 0.473 )
	v( -0.127 -1.295 0.473 )
	v( -0.137 -1.095 0.673 )
	v( -0.137 -1.295 0.673 )
	v( -0.127 -1.295 0.673 )
	v( -0.127 -1.095 0.673 )
	v( -0.137 -1.095 0.473 )
	v( -0.137 -1.095 0.673 )
	v( -0.127 -1.095 0.673 )
	v( -0.137 1.305 0.673 )
	v( -0.137 1.105 0.673 )
	v( -0.126 1.305 0.673 )
	v( -0.137 1.105 0.673 )
	v( -0.137 1.105 0.473 )
	v( -0.126 1.105 0.673 )
	v( -0.137 1.305 0.473 )
	v( -0.126 1.105 0.473 )
	v( -0.137 1.105 0.473 )
	v( -0.126 1.305 0.673 )
	v( -0.127 1.305 0.473 )
	v( -0.137 1.305 0.473 )
	v( -0.137 1.305 0.673 )
	v( -0.137 -1.295 0.673 )
	v( -0.137 -1.295 0.473 )
	v( -0.127 -1.295 0.473 )
	v( -0.127 -1.295 0.673 )
	v( -0.147 -1.285 0.483 )
	v( -0.137 -1.295 0.473 )
	v( -0.147 -1.285 0.663 )
	v( -0.137 -1.295 0.673 )
	v( -0.137 1.305 0.673 )
	v( -0.137 1.305 0.473 )
	v( -0.147 1.295 0.663 )
	v( -0.147 1.295 0.483 )
	v( -0.137 1.305 0.473 )
	v( -0.137 1.105 0.473 )
	v( -0.147 1.295 0.483 )
	v( -0.147 1.115 0.483 )
	v( -0.147 1.115 0.483 )
	v( -0.137 1.105 0.473 )
	v( -0.137 1.105 0.673 )
	v( -0.147 1.115 0.663 )
	v( -0.147 1.115 0.663 )
	v( -0.137 1.105 0.673 )
	v( -0.147 1.295 0.663 )
	v( -0.137 1.305 0.673 )
	v( -0.147 -1.105 0.483 )
	v( -0.147 -1.105 0.663 )
	v( -0.137 -1.095 0.473 )
	v( -0.137 -1.095 0.673 )
	v( -0.147 -1.285 0.663 )
	v( -0.137 -1.295 0.673 )
	v( -0.147 -1.105 0.663 )
	v( -0.137 -1.095 0.673 )
	v( -0.147 -1.285 0.483 )
	v( -0.147 -1.105 0.483 )
	v( -0.137 -1.295 0.473 )
	v( -0.137 -1.095 0.473 )
	v( -0.147 -0.085 0.663 )
	v( -0.147 -0.085 0.483 )
	v( -0.137 -0.095 0.473 )
	v( -0.137 -0.095 0.673 )
	v( -0.147 0.095 0.483 )
	v( -0.147 0.095 0.663 )
	v( -0.137 0.105 0.673 )
	v( -0.137 0.105 0.473 )
	v( -0.147 -0.085 0.663 )
	v( -0.137 -0.095 0.673 )
	v( -0.147 0.095 0.663 )
	v( -0.137 0.105 0.673 )
	v( -0.147 -0.085 0.483 )
	v( -0.147 0.095 0.483 )
	v( -0.137 -0.095 0.473 )
	v( -0.137 0.105 0.473 )
	v( -0.147 1.115 0.483 )
	v( -0.147 1.115 0.663 )
	v( -0.147 1.295 0.663 )
	v( -0.147 1.295 0.483 )
	v( -0.147 -1.105 0.483 )
	v( -0.147 -1.285 0.483 )
	v( -0.147 -1.285 0.663 )
	v( -0.147 -1.105 0.663 )
	v( -0.147 0.095 0.483 )
	v( -0.147 -0.085 0.483 )
	v( -0.147 -0.085 0.663 )
	v( -0.147 0.095 0.663 )
	v( -0.147 -0.695 1.111 )
	v( -0.147 -0.695 1.311 )
	v( -0.147 -0.095 1.117 )
	v( -0.147 -0.095 1.317 )
	v( -0.147 0.705 1.111 )
	v( -0.147 0.105 1.117 )
	v( -0.147 0.705 1.311 )
	v( -0.147 0.105 1.317 )
	v( -0.147 -0.095 1.317 )
	v( -0.147 0.105 1.317 )
	v( -0.147 0.105 1.117 )
	v( -0.147 -0.095 1.117 )
	v( -0.147 -1.095 1.103 )
	v( -0.147 -1.095 1.303 )
	v( -0.147 -0.695 1.111 )
	v( -0.147 -0.695 1.311 )
	v( -0.147 1.105 1.103 )
	v( -0.147 0.705 1.111 )
	v( -0.147 1.105 1.303 )
	v( -0.147 0.705 1.311 )
	v( -0.147 1.825 1.053 )
	v( -0.147 1.825 1.253 )
	v( -0.147 -2.435 1.203 )
	v( -0.147 -1.825 1.053 )
	v( -0.147 -1.825 1.253 )
	v( -0.147 -1.825 1.053 )
	v( -0.147 -1.825 1.253 )
	v( -0.147 -1.295 1.091 )
	v( -0.147 -1.295 1.291 )
	v( -0.147 -1.295 1.091 )
	v( -0.147 -1.295 1.291 )
	v( -0.147 -1.095 1.103 )
	v( -0.147 -1.095 1.303 )
	v( -0.147 1.305 1.091 )
	v( -0.147 1.105 1.103 )
	v( -0.147 1.305 1.291 )
	v( -0.147 1.105 1.303 )
	v( -0.147 1.825 1.053 )
	v( -0.147 1.305 1.091 )
	v( -0.147 1.825 1.253 )
	v( -0.147 1.305 1.291 )
	n( -1 0 0 )
	n( -1 0 0 )
	n( -1 0 0 )
	n( -1 0 0 )
	n( -1 0 0 )
	n( -1 0 0 )
	n( -1 0 0 )
	n( -1 0 0 )
	n( -1 0 0 )
	n( -1 0 0 )
	n( -1 0 0 )
	n( -1 0 0 )
	n( -1 0 0 )
	n( -1 0 0 )
	n( -1 0 0 )
	n( -1 0 0 )
	n( -1 0 0 )
	n( -1 0 0 )
	n( -1 0 0 )
	n( -1 0 0 )
	n( -1 0 0 )
	n( -1 0 0 )
	n( -1 0 0 )
	n( -1 0 0 )
	n( -1 0 0 )
	n( -1 0 0 )
	n( -1 0 0 )
	n( -1 0 0 )
	n( -1 0 0 )
	n( -1 0 0 )
	n( -1 0 0 )
	n( -1 0 0 )
	n( -1 0 0 )
	n( -1 0 0 )
	n( -1 0 0 )
	n( -1 0 0 )
	n( -1 0 0 )
	n( -1 0 0 )
	n( -1 0 0 )
	n( -1 0 0 )
	n( -1 0 0 )
	n( -1 0 0 )
	n( -1 0 0 )
	n( -1 0 0 )
	n( -1 0 0 )
	n( -1 0 0 )
	n( -1 0 0 )
	n( 0 1 0 )
	n( 0 1 0 )
	n( 0 1 0 )
	n( 0 -1 0 )
	n( 0 -1 0 )
	n( 0 -1 0 )
	n( 0 -0.074 -0.997 )
	n( 0 -0.074 -0.997 )
	n( 0 -0.074 -0.997 )
	n( 0 -0.074 -0.997 )
	n( 0 -0.082 -0.997 )
	n( 0 -0.082 -0.997 )
	n( 0 -0.082 -0.997 )
	n( 0 -0.082 -0.997 )
	n( 0 0.072 -0.997 )
	n( 0 0.072 -0.997 )
	n( 0 0.072 -0.997 )
	n( 0 0.072 -0.997 )
	n( 0 0.082 -0.997 )
	n( 0 0.082 -0.997 )
	n( 0 0.082 -0.997 )
	n( 0 0.082 -0.997 )
	n( 0 -1 0 )
	n( 0 -1 0 )
	n( 0 -1 0 )
	n( 0 -1 0 )
	n( 0 -1 0 )
	n( 0 -1 0 )
	n( 0 -1 0 )
	n( 0 -1 0 )
	n( 0 1 0 )
	n( 0 1 0 )
	n( 0 1 0 )
	n( 0 1 0 )
	n( 0 1 0 )
	n( 0 1 0 )
	n( 0 1 0 )
	n( 0 1 0 )
	n( 0 0 1 )
	n( 0 0 1 )
	n( 0 0 1 )
	n( 0 0 1 )
	n( 0 0 1 )
	n( 0 0 1 )
	n( 0 0 1 )
	n( 0 0 1 )
	n( 0 0 -1 )
	n( 0 0 -1 )
	n( 0 0 -1 )
	n( 0 0 -1 )
	n( 0 0 1 )
	n( 0 0 1 )
	n( 0 0 1 )
	n( 0 0 1 )
	n( 0 0 -1 )
	n( 0 0 -1 )
	n( 0 0 -1 )
	n( 0 0 -1 )
	n( 0 0.021 -1 )
	n( 0 0.021 -1 )
	n( 0 0.021 -1 )
	n( 0 0.021 -1 )
	n( 0 -0.021 -1 )
	n( 0 -0.021 -1 )
	n( 0 -0.021 -1 )
	n( 0 -0.021 -1 )
	n( 0 -1 0 )
	n( 0 -1 0 )
	n( 0 -1 0 )
	n( 0 -1 0 )
	n( 0 -1 0 )
	n( 0 -1 0 )
	n( 0 -1 0 )
	n( 0 -1 0 )
	n( 0 0 1 )
	n( 0 0 1 )
	n( 0 0 1 )
	n( 0 0 1 )
	n( 0 1 0 )
	n( 0 1 0 )
	n( 0 1 0 )
	n( 0 1 0 )
	n( 0 1 0 )
	n( 0 1 0 )
	n( 0 1 0 )
	n( 0 1 0 )
	n( 0 0.01 -1 )
	n( 0 0.01 -1 )
	n( 0 0.01 -1 )
	n( 0 0.01 -1 )
	n( 0 -0.01 -1 )
	n( 0 -0.01 -1 )
	n( 0 -0.01 -1 )
	n( 0 -0.01 -1 )
	n( 0 0 1 )
	n( 0 0 1 )
	n( 0 0 1 )
	n( 0 0 1 )
	n( 0 0 1 )
	n( 0 0 1 )
	n( 0 0 1 )
	n( 0 0 1 )
	n( 0 0 -1 )
	n( 0 0 -1 )
	n( 0 0 -1 )
	n( 0 0 -1 )
	n( 0 0 1 )
	n( 0 0 1 )
	n( 0 0 1 )
	n( 0 0 1 )
	n( 0 0 1 )
	n( 0 0 1 )
	n( 0 0 1 )
	n( 0 0 1 )
	n( 0 0 -1 )
	n( 0 0 -1 )
	n( 0 0 -1 )
	n( 0 0 -1 )
	n( 0 -1 0 )
	n( 0 -1 0 )
	n( 0 -1 0 )
	n( 0 -1 0 )
	n( 0 1 0 )
	n( 0 1 0 )
	n( 0 1 0 )
	n( 0 1 0 )
	n( 0 -1 0 )
	n( 0 -1 0 )
	n( 0 -1 0 )
	n( 0 -1 0 )
	n( 0 1 0 )
	n( 0 1 0 )
	n( 0 1 0 )
	n( 0 1 0 )
	n( 0 -1 0 )
	n( 0 -1 0 )
	n( 0 -1 0 )
	n( 0 -1 0 )
	n( 0 1 0 )
	n( 0 1 0 )
	n( 0 1 0 )
	n( 0 1 0 )
	n( 0 -1 0 )
	n( 0 -1 0 )
	n( 0 -1 0 )
	n( 0 -1 0 )
	n( 0 1 0 )
	n( 0 1 0 )
	n( 0 1 0 )
	n( 0 1 0 )
	n( 0 0.01 -1 )
	n( 0 0.01 -1 )
	n( 0 0.01 -1 )
	n( 0 0.021 -1 )
	n( 0 0.021 -1 )
	n( 0 0.021 -1 )
	n( 0 -0.021 -1 )
	n( 0 -0.021 -1 )
	n( 0 -0.021 -1 )
	n( 0 -0.021 -1 )
	n( 0 -0.01 -1 )
	n( 0 -0.01 -1 )
	n( 0 0 1 )
	n( 0 0 1 )
	n( 0 0 1 )
	n( 0 0 1 )
	n( 0 0 1 )
	n( 0 0 1 )
	n( 0 0 1 )
	n( 0 0 1 )
	n( 0 0 1 )
	n( 0 0 1 )
	n( 0 0 1 )
	n( 0 0 1 )
	n( 0 0 1 )
	n( 0 0 1 )
	n( 0 0 1 )
	n( 0 0 1 )
	n( 0 0 1 )
	n( 0 0 1 )
	n( 0 1 0 )
	n( 0 1 0 )
	n( 0 1 0 )
	n( 0 1 0 )
	n( 0 -1 0 )
	n( 0 -1 0 )
	n( 0 -1 0 )
	n( 0 1 0 )
	n( 0 1 0 )
	n( 0 1 0 )
	n( 0 1 0 )
	n( 0 -1 0 )
	n( 0 -1 0 )
	n( 0 -1 0 )
	n( 0 -1 0 )
	n( 0 1 0 )
	n( 0 1 0 )
	n( 0 1 0 )
	n( 0 1 0 )
	n( 0 -1 0 )
	n( 0 -1 0 )
	n( 0 -1 0 )
	n( 0 -1 0 )
	n( 0 -1 0 )
	n( 0 -1 0 )
	n( 0 1 0 )
	n( 0 1 0 )
	n( 0 1 0 )
	n( 0 1 0 )
	n( 0 0 -1 )
	n( 0 0 -1 )
	n( 0 0 -1 )
	n( 0 0 -1 )
	n( 0 0 -1 )
	n( 0 0 -1 )
	n( 0 0 -1 )
	n( 0 1 0 )
	n( 0 1 0 )
	n( 0 1 0 )
	n( 0 1 0 )
	n( 0 1 0 )
	n( 0 1 0 )
	n( 0 1 0 )
	n( 0 -0.082 -0.997 )
	n( 0 -0.082 -0.997 )
	n( 0 -1 0 )
	n( 0 -1 0 )
	n( 0 0 1 )
	n( 0 0 1 )
	n( 0 0 1 )
	n( 0 0 1 )
	n( 0 0 1 )
	n( 0 0 1 )
	n( 0 0 1 )
	n( 0 0 1 )
	n( 0 1 0 )
	n( 0 1 0 )
	n( 0 1 0 )
	n( 0 1 0 )
	n( 0 0.082 -0.997 )
	n( 0 0.082 -0.997 )
	n( 0 0.082 -0.997 )
	n( 0 1 0 )
	n( 0 1 0 )
	n( 0 1 0 )
	n( 0 1 0 )
	n( 0 0 -1 )
	n( 0 0 -1 )
	n( 0 0 -1 )
	n( 0 0 -1 )
	n( 0 -1 0 )
	n( 0 -1 0 )
	n( 0 -1 0 )
	n( 0 -1 0 )
	n( 0 -1 0 )
	n( 0 -1 0 )
	n( 0 -1 0 )
	n( 0 -1 0 )
	n( 0 -1 0 )
	n( 0 0 -1 )
	n( 0 0 -1 )
	n( 0 0 -1 )
	n( 0 0.072 -0.997 )
	n( 0 0.072 -0.997 )
	n( 0 0.072 -0.997 )
	n( 0 0.072 -0.997 )
	n( 0 -0.074 -0.997 )
	n( 0 -0.074 -0.997 )
	n( 0 -0.074 -0.997 )
	n( 0 -0.074 -0.997 )
	n( -1 0 0 )
	n( 0 0.074 0.997 )
	n( 0 0.074 0.997 )
	n( 0 0.074 0.997 )
	n( 0 0.074 0.997 )
	n( 0 0.058 0.998 )
	n( 0 0.058 0.998 )
	n( 0 0.058 0.998 )
	n( 0 0.058 0.998 )
	n( 0 -0.058 0.998 )
	n( 0 -0.058 0.998 )
	n( 0 -0.058 0.998 )
	n( 0 -0.058 0.998 )
	n( 0 -0.072 0.997 )
	n( 0 -0.072 0.997 )
	n( 0 -0.072 0.997 )
	n( 0 -0.072 0.997 )
	n( 0 -0.082 0.997 )
	n( 0 -0.082 0.997 )
	n( 0 -0.082 0.997 )
	n( 0 -0.082 0.997 )
	n( 0 0.082 0.997 )
	n( 0 0.082 0.997 )
	n( 0 0.082 0.997 )
	n( 0 0.082 0.997 )
	n( 0 0.021 1 )
	n( 0 0.021 1 )
	n( 0 0.021 1 )
	n( 0 0.021 1 )
	n( 0 -0.021 1 )
	n( 0 -0.021 1 )
	n( 0 -0.021 1 )
	n( 0 -0.021 1 )
	n( 0 0 1 )
	n( 0 0 1 )
	n( 0 0 1 )
	n( 0 0 1 )
	n( 0 0.01 1 )
	n( 0 0.01 1 )
	n( 0 0.01 1 )
	n( 0 0.01 1 )
	n( 0 -0.01 1 )
	n( 0 -0.01 1 )
	n( 0 -0.01 1 )
	n( 0 -0.01 1 )
	n( 0 -1 0 )
	n( 0 -1 0 )
	n( 0 -1 0 )
	n( 0 -1 0 )
	n( 0 -1 0 )
	n( 0 -1 0 )
	n( 0 -1 0 )
	n( 0 -1 0 )
	n( 0 -1 0 )
	n( 0 1 0 )
	n( 0 1 0 )
	n( 0 1 0 )
	n( 0 1 0 )
	n( 0 1 0 )
	n( 0 1 0 )
	n( 0 1 0 )
	n( 0 0 -1 )
	n( 0 0 -1 )
	n( 0 0 -1 )
	n( 0 0 -1 )
	n( 0 0 -1 )
	n( 0 0 -1 )
	n( 0 0 -1 )
	n( 0 0 -1 )
	n( 0 0 -1 )
	n( 0 0 -1 )
	n( 0 0 -1 )
	n( 0 0 -1 )
	n( 0 0 -1 )
	n( 0 0 -1 )
	n( 0 0 -1 )
	n( 0 0 -1 )
	n( 0 0 -1 )
	n( 0 0 -1 )
	n( 0 0 -1 )
	n( 0 0 -1 )
	n( 0 0 -1 )
	n( 0 0 -1 )
	n( 0 0 -1 )
	n( 0 -1 0 )
	n( 0 -1 0 )
	n( 0 -1 0 )
	n( 0 1 0 )
	n( 0 1 0 )
	n( 0 1 0 )
	n( 0 1 0 )
	n( 0 -1 0 )
	n( 0 -1 0 )
	n( 0 -1 0 )
	n( 0 -1 0 )
	n( 0 1 0 )
	n( 0 1 0 )
	n( 0 1 0 )
	n( 0 0 -1 )
	n( 0 0 -1 )
	n( 0 0 -1 )
	n( 0 0 -1 )
	n( 0 0 -1 )
	n( 0 0 -1 )
	n( 0 0 -1 )
	n( 0 0.112 0.994 )
	n( 0 0.112 0.994 )
	n( 0 0.112 0.994 )
	n( 0 0.112 0.994 )
	n( 0 -0.112 0.994 )
	n( 0 -0.112 0.994 )
	n( 0 -0.112 0.994 )
	n( 0 -0.112 0.994 )
	n( -1 0 0 )
	n( -1 0 0 )
	n( -1 0 0 )
	n( -1 0 0 )
	n( -1 0 0 )
	n( -1 0 0 )
	n( -1 0 0 )
	n( -1 0 0 )
	n( -1 0 0 )
	n( -1 0 0 )
	n( -1 0 0 )
	n( -1 0 0 )
	n( -1 0 0 )
	n( -1 0 0 )
	n( -1 0 0 )
	n( -1 0 0 )
	n( -1 0 0 )
	n( -1 0 0 )
	n( -1 0 0 )
	n( -1 0 0 )
	n( -1 0 0 )
	n( -1 0 0 )
	n( -1 0 0 )
	n( -1 0 0 )
	n( -1 0 0 )
	n( -1 0 0 )
	n( -1 0 0 )
	n( -1 0 0 )
	n( -1 0 0 )
	n( -1 0 0 )
	n( -1 0 0 )
	n( -1 0 0 )
	n( -1 0 0 )
	n( -1 0 0 )
	n( -1 0 0 )
	n( -1 0 0 )
	n( -1 0 0 )
	n( -1 0 0 )
	n( -1 0 0 )
	n( -1 0 0 )
	n( -1 0 0 )
	n( -1 0 0 )
	n( -1 0 0 )
	n( -1 0 0 )
	n( -1 0 0 )
	n( -1 0 0 )
	n( -1 0 0 )
	n( -1 0 0 )
	n( -1 0 0 )
	n( -1 0 0 )
	n( -1 0 0 )
	n( -1 0 0 )
	n( -1 0 0 )
	n( -1 0 0 )
	n( -1 0 0 )
	n( -1 0 0 )
	n( -1 0 0 )
	n( -1 0 0 )
	n( -1 0 0 )
	n( -1 0 0 )
	n( -1 0 0 )
	n( -1 0 0 )
	n( -1 0 0 )
	n( -1 0 0 )
	n( -1 0 0 )
	n( -1 0 0 )
	n( -1 0 0 )
	n( -1 0 0 )
	n( -1 0 0 )
	n( -1 0 0 )
	n( -1 0 0 )
	n( -1 0 0 )
	n( -1 0 0 )
	n( -1 0 0 )
	n( -1 0 0 )
	n( -1 0 0 )
	n( -1 0 0 )
	n( -1 0 0 )
	n( -1 0 0 )
	n( -1 0 0 )
	n( -1 0 0 )
	n( -1 0 0 )
	n( -1 0 0 )
	n( -1 0 0 )
	n( -1 0 0 )
	n( -1 0 0 )
	n( -1 0 0 )
	n( -1 0 0 )
	n( -1 0 0 )
	n( -1 0 0 )
	n( -1 0 0 )
	n( -1 0 0 )
	n( -1 0 0 )
	n( -1 0 0 )
	n( 0 1 0 )
	n( 0 1 0 )
	n( 0 1 0 )
	n( 0 1 0 )
	n( 0 1 0 )
	n( 0 1 0 )
	n( 0 1 0 )
	n( 0 0.082 -0.997 )
	n( 0 0.082 -0.997 )
	n( 0 0.082 -0.997 )
	n( 0 0.082 -0.997 )
	n( 0 0.072 -0.997 )
	n( 0 0.072 -0.997 )
	n( 0 0.072 -0.997 )
	n( 0 0.072 -0.997 )
	n( 0 0.058 -0.998 )
	n( 0 0.058 -0.998 )
	n( 0 0.058 -0.998 )
	n( 0 0.058 -0.998 )
	n( 0 0.021 -1 )
	n( 0 0.021 -1 )
	n( 0 0.021 -1 )
	n( 0 0.021 -1 )
	n( 0 0.01 -1 )
	n( 0 0.01 -1 )
	n( 0 0.01 -1 )
	n( 0 0 -1 )
	n( 0 0 -1 )
	n( 0 0 -1 )
	n( 0 0 -1 )
	n( 0 -0.01 -1 )
	n( 0 -0.01 -1 )
	n( 0 -0.01 -1 )
	n( 0 -0.021 -1 )
	n( 0 -0.021 -1 )
	n( 0 -0.021 -1 )
	n( 0 -0.058 -0.998 )
	n( 0 -0.058 -0.998 )
	n( 0 -0.058 -0.998 )
	n( 0 -0.058 -0.998 )
	n( 0 -0.074 -0.997 )
	n( 0 -0.074 -0.997 )
	n( 0 -0.074 -0.997 )
	n( 0 -0.082 -0.997 )
	n( 0 -0.082 -0.997 )
	n( 0 -0.082 -0.997 )
	n( 0 -1 0 )
	n( 0 -1 0 )
	n( 0 -1 0 )
	n( 0 -1 0 )
	n( 0 -1 0 )
	n( 0 -1 0 )
	n( 0 -1 0 )
	n( 0 0 1 )
	n( 0 0 1 )
	n( 0 0 1 )
	n( 0 0 1 )
	n( 0 0 1 )
	n( 0 0 1 )
	n( 0 0 1 )
	n( 0 0 1 )
	n( 0 0 1 )
	n( 0 0 1 )
	n( 0 0 1 )
	n( 0 0 1 )
	n( 0 0 1 )
	n( 0 0 1 )
	n( 0 0 1 )
	n( 0 0 1 )
	n( 0 0 1 )
	n( 0 0 1 )
	n( 0 0 1 )
	n( 0 0 -1 )
	n( 0 0 -1 )
	n( 0 0 -1 )
	n( 0 0 -1 )
	n( 0 0 1 )
	n( 0 0 1 )
	n( 0 0 1 )
	n( 0 1 0 )
	n( 0 1 0 )
	n( 0 1 0 )
	n( 0 -1 0 )
	n( 0 -1 0 )
	n( 0 0 -1 )
	n( 0 0 -1 )
	n( 0 0 -1 )
	n( 0 0 -1 )
	n( 0 0 1 )
	n( 0 0 1 )
	n( 0 0 1 )
	n( 0 0 1 )
	n( 0 1 0 )
	n( 0 1 0 )
	n( 0 1 0 )
	n( 0 0 1 )
	n( 0 0 1 )
	n( 0 0 1 )
	n( 0 -1 0 )
	n( 0 -1 0 )
	n( 0 -1 0 )
	n( 0 0 -1 )
	n( 0 0 -1 )
	n( 0 0 -1 )
	n( 0 1 0 )
	n( 0 1 0 )
	n( 0 1 0 )
	n( 0 1 0 )
	n( 0 -1 0 )
	n( 0 -1 0 )
	n( 0 -1 0 )
	n( 0 -1 0 )
	n( -0.707 -0.707 0 )
	n( -0.707 -0.707 0 )
	n( -0.707 -0.707 0 )
	n( -0.707 -0.707 0 )
	n( -0.707 0.707 0 )
	n( -0.707 0.707 0 )
	n( -0.707 0.707 0 )
	n( -0.707 0.707 0 )
	n( -0.707 0 -0.707 )
	n( -0.707 0 -0.707 )
	n( -0.707 0 -0.707 )
	n( -0.707 0 -0.707 )
	n( -0.707 -0.707 0 )
	n( -0.707 -0.707 0 )
	n( -0.707 -0.707 0 )
	n( -0.707 -0.707 0 )
	n( -0.707 0 0.707 )
	n( -0.707 0 0.707 )
	n( -0.707 0 0.707 )
	n( -0.707 0 0.707 )
	n( -0.707 0.707 0 )
	n( -0.707 0.707 0 )
	n( -0.707 0.707 0 )
	n( -0.707 0.707 0 )
	n( -0.707 0 0.707 )
	n( -0.707 0 0.707 )
	n( -0.707 0 0.707 )
	n( -0.707 0 0.707 )
	n( -0.707 0 -0.707 )
	n( -0.707 0 -0.707 )
	n( -0.707 0 -0.707 )
	n( -0.707 0 -0.707 )
	n( -0.707 -0.707 0 )
	n( -0.707 -0.707 0 )
	n( -0.707 -0.707 0 )
	n( -0.707 -0.707 0 )
	n( -0.707 0.707 0 )
	n( -0.707 0.707 0 )
	n( -0.707 0.707 0 )
	n( -0.707 0.707 0 )
	n( -0.707 0 0.707 )
	n( -0.707 0 0.707 )
	n( -0.707 0 0.707 )
	n( -0.707 0 0.707 )
	n( -0.707 0 -0.707 )
	n( -0.707 0 -0.707 )
	n( -0.707 0 -0.707 )
	n( -0.707 0 -0.707 )
	n( -1 0 0 )
	n( -1 0 0 )
	n( -1 0 0 )
	n( -1 0 0 )
	n( -1 0 0 )
	n( -1 0 0 )
	n( -1 0 0 )
	n( -1 0 0 )
	n( -1 0 0 )
	n( -1 0 0 )
	n( -1 0 0 )
	n( -1 0 0 )
	n( -1 0 0 )
	n( -1 0 0 )
	n( -1 0 0 )
	n( -1 0 0 )
	n( -1 0 0 )
	n( -1 0 0 )
	n( -1 0 0 )
	n( -1 0 0 )
	n( -1 0 0 )
	n( -1 0 0 )
	n( -1 0 0 )
	n( -1 0 0 )
	n( -1 0 0 )
	n( -1 0 0 )
	n( -1 0 0 )
	n( -1 0 0 )
	n( -1 0 0 )
	n( -1 0 0 )
	n( -1 0 0 )
	n( -1 0 0 )
	n( -1 0 0 )
	n( -1 0 0 )
	n( -1 0 0 )
	n( -1 0 0 )
	n( -1 0 0 )
	n( -1 0 0 )
	n( -1 0 0 )
	n( -1 0 0 )
	n( -1 0 0 )
	n( -1 0 0 )
	n( -1 0 0 )
	n( -1 0 0 )
	n( -1 0 0 )
	n( -1 0 0 )
	n( -1 0 0 )
	n( -1 0 0 )
	n( -1 0 0 )
	n( -1 0 0 )
	n( -1 0 0 )
	n( -1 0 0 )
	n( -1 0 0 )
	u0( 0.8 0.507 )
	u0( 1 1 )
	u0( 1 0.032 )
	u0( 0.27 0.546 )
	u0( 0.54 0.092 )
	u0( 0 0.211 )
	u0( 0 1 )
	u0( 0 1 )
	u0( 0.232 0.546 )
	u0( 0 0 )
	u0( 0.7 0.507 )
	u0( 1 1 )
	u0( 1 0 )
	u0( 0.77 0.546 )
	u0( 1 1 )
	u0( 1 0 )
	u0( 0.5 0.5 )
	u0( 1 1 )
	u0( 1 0 )
	u0( 0 1 )
	u0( 1 1 )
	u0( 1 0 )
	u0( 0.5 0.5 )
	u0( 0 1 )
	u0( 1 1 )
	u0( 1 0.211 )
	u0( 0.732 0.546 )
	u0( 0.465 0.092 )
	u0( 0.3 0.507 )
	u0( 0.6 0.013 )
	u0( 0.4 0.013 )
	u0( 0 0.032 )
	u0( 0.2 0.507 )
	u0( 0 1 )
	u0( 0 0 )
	u0( 0 1 )
	u0( 0 0 )
	u0( 1 0 )
	u0( 0.5 0.5 )
	u0( 1 1 )
	u0( 0 1 )
	u0( 0 0 )
	u0( 0 1 )
	u0( 0.5 0.5 )
	u0( 0 0 )
	u0( 1 0 )
	u0( 1 1 )
	u0( 1 1 )
	u0( 1 1 )
	u0( 1 0 )
	u0( 1 0 )
	u0( 0 1 )
	u0( 1 1 )
	u0( 1 1 )
	u0( 1 0 )
	u0( 1 1 )
	u0( 0 1 )
	u0( 1 0 )
	u0( 1 1 )
	u0( 0 1 )
	u0( 1 0 )
	u0( 1 0 )
	u0( 1 1 )
	u0( 0 1 )
	u0( 1 0 )
	u0( 0 1 )
	u0( 1 1 )
	u0( 1 0 )
	u0( 1 0 )
	u0( 1 0 )
	u0( 1 1 )
	u0( 1 0 )
	u0( 0 1 )
	u0( 0 1 )
	u0( 1 1 )
	u0( 1 0 )
	u0( 1 0 )
	u0( 0 1 )
	u0( 1 1 )
	u0( 1 0 )
	u0( 1 0 )
	u0( 1 1 )
	u0( 1 1 )
	u0( 1 0 )
	u0( 0 1 )
	u0( 0 1 )
	u0( 1 1 )
	u0( 1 0 )
	u0( 1 0 )
	u0( 1 0 )
	u0( 1 1 )
	u0( 0 1 )
	u0( 1 0 )
	u0( 0 1 )
	u0( 1 1 )
	u0( 1 0 )
	u0( 1 0 )
	u0( 1 0 )
	u0( 0 1 )
	u0( 1 0 )
	u0( 1 1 )
	u0( 1 0 )
	u0( 1 1 )
	u0( 0 1 )
	u0( 1 0 )
	u0( 0 1 )
	u0( 1 1 )
	u0( 1 0 )
	u0( 1 0 )
	u0( 1 1 )
	u0( 1 1 )
	u0( 1 0 )
	u0( 0 1 )
	u0( 1 1 )
	u0( 1 0 )
	u0( 1 1 )
	u0( 0 1 )
	u0( 1 1 )
	u0( 1 0 )
	u0( 1 1 )
	u0( 0 1 )
	u0( 0 1 )
	u0( 1 1 )
	u0( 1 0 )
	u0( 1 0 )
	u0( 1 1 )
	u0( 1 0 )
	u0( 1 1 )
	u0( 0 1 )
	u0( 1 1 )
	u0( 1 0 )
	u0( 1 1 )
	u0( 0 1 )
	u0( 1 0 )
	u0( 0 1 )
	u0( 1 0 )
	u0( 1 1 )
	u0( 1 1 )
	u0( 1 1 )
	u0( 1 0 )
	u0( 0 1 )
	u0( 1 1 )
	u0( 1 0 )
	u0( 1 1 )
	u0( 0 1 )
	u0( 1 0 )
	u0( 0 1 )
	u0( 1 0 )
	u0( 1 1 )
	u0( 1 0 )
	u0( 0 1 )
	u0( 1 0 )
	u0( 1 1 )
	u0( 1 0 )
	u0( 1 0 )
	u0( 0 1 )
	u0( 1 1 )
	u0( 1 1 )
	u0( 1 1 )
	u0( 1 0 )
	u0( 0 1 )
	u0( 1 1 )
	u0( 1 0 )
	u0( 1 1 )
	u0( 0 1 )
	u0( 1 1 )
	u0( 1 1 )
	u0( 1 0 )
	u0( 0 1 )
	u0( 1 0 )
	u0( 1 1 )
	u0( 0 1 )
	u0( 1 0 )
	u0( 1 0 )
	u0( 1 1 )
	u0( 0 1 )
	u0( 1 0 )
	u0( 1 0 )
	u0( 1 1 )
	u0( 0 1 )
	u0( 1 0 )
	u0( 1 1 )
	u0( 1 0 )
	u0( 1 1 )
	u0( 0 1 )
	u0( 0 1 )
	u0( 1 1 )
	u0( 1 0 )
	u0( 1 0 )
	u0( 1 0 )
	u0( 1 1 )
	u0( 0 1 )
	u0( 1 0 )
	u0( 1 0 )
	u0( 1 1 )
	u0( 0 1 )
	u0( 1 0 )
	u0( 1 1 )
	u0( 1 0 )
	u0( 1 1 )
	u0( 0 1 )
	u0( 1 1 )
	u0( 1 0 )
	u0( 1 1 )
	u0( 1 0 )
	u0( 1 1 )
	u0( 0 1 )
	u0( 1 1 )
	u0( 1 1 )
	u0( 1 1 )
	u0( 1 0 )
	u0( 1 1 )
	u0( 0 1 )
	u0( 1 1 )
	u0( 1 0 )
	u0( 1 1 )
	u0( 0 1 )
	u0( 1 1 )
	u0( 1 1 )
	u0( 1 1 )
	u0( 1 0 )
	u0( 1 0 )
	u0( 1 1 )
	u0( 0 1 )
	u0( 1 1 )
	u0( 1 1 )
	u0( 0 1 )
	u0( 1 0 )
	u0( 0 1 )
	u0( 1 1 )
	u0( 1 1 )
	u0( 0 1 )
	u0( 1 1 )
	u0( 1 0 )
	u0( 0 1 )
	u0( 1 1 )
	u0( 1 0 )
	u0( 1 0 )
	u0( 1 1 )
	u0( 1 0 )
	u0( 1 1 )
	u0( 0 1 )
	u0( 1 1 )
	u0( 1 0 )
	u0( 1 1 )
	u0( 0 1 )
	u0( 1 1 )
	u0( 1 0 )
	u0( 1 1 )
	u0( 0 1 )
	u0( 1 0 )
	u0( 1 0 )
	u0( 1 0 )
	u0( 0 1 )
	u0( 1 0 )
	u0( 1 1 )
	u0( 1 1 )
	u0( 1 0 )
	u0( 1 1 )
	u0( 0 1 )
	u0( 0 1 )
	u0( 1 1 )
	u0( 1 0 )
	u0( 0 1 )
	u0( 1 1 )
	u0( 1 0 )
	u0( 1 0 )
	u0( 0 1 )
	u0( 1 0 )
	u0( 1 0 )
	u0( 0 1 )
	u0( 1 0 )
	u0( 1 1 )
	u0( 0 1 )
	u0( 0 1 )
	u0( 1 1 )
	u0( 1 0 )
	u0( 1 0 )
	u0( 1 1 )
	u0( 1 0 )
	u0( 1 1 )
	u0( 0 1 )
	u0( 1 1 )
	u0( 1 0 )
	u0( 1 1 )
	u0( 0 1 )
	u0( 0 1 )
	u0( 1 1 )
	u0( 1 0 )
	u0( 1 1 )
	u0( 1 0 )
	u0( 1 1 )
	u0( 0 1 )
	u0( 0 1 )
	u0( 1 1 )
	u0( 1 0 )
	u0( 1 0 )
	u0( 1 0 )
	u0( 1 0 )
	u0( 1 1 )
	u0( 1 0 )
	u0( 1 1 )
	u0( 0 1 )
	u0( 0 1 )
	u0( 1 1 )
	u0( 1 0 )
	u0( 0 1 )
	u0( 1 1 )
	u0( 1 1 )
	u0( 0 1 )
	u0( 1 1 )
	u0( 1 0 )
	u0( 1 0 )
	u0( 1 0 )
	u0( 0 1 )
	u0( 1 1 )
	u0( 1 1 )
	u0( 0 0 )
	u0( 1 0 )
	u0( 1 1 )
	u0( 0 1 )
	u0( 0 0 )
	u0( 1 0 )
	u0( 0 0 )
	u0( 0 1 )
	u0( 1 1 )
	u0( 0 0 )
	u0( 1 0 )
	u0( 0 1 )
	u0( 1 1 )
	u0( 1 0 )
	u0( 0 0 )
	u0( 0 1 )
	u0( 1 1 )
	u0( 1 0 )
	u0( 0 0 )
	u0( 0 1 )
	u0( 1 1 )
	u0( 1 0 )
	u0( 1 1 )
	u0( 0 1 )
	u0( 0 0 )
	u0( 1 1 )
	u0( 1 0 )
	u0( 0 1 )
	u0( 0 0 )
	u0( 1 0 )
	u0( 1 1 )
	u0( 0 1 )
	u0( 0 0 )
	u0( 1 0 )
	u0( 1 1 )
	u0( 0 1 )
	u0( 0 0 )
	u0( 0 1 )
	u0( 1 1 )
	u0( 0 0 )
	u0( 1 0 )
	u0( 0 1 )
	u0( 0 0 )
	u0( 1 1 )
	u0( 1 0 )
	u0( 1 1 )
	u0( 1 1 )
	u0( 1 0 )
	u0( 0 1 )
	u0( 0 1 )
	u0( 1 0 )
	u0( 0 1 )
	u0( 1 0 )
	u0( 1 1 )
	u0( 1 1 )
	u0( 1 1 )
	u0( 1 0 )
	u0( 0 1 )
	u0( 0 0 )
	u0( 1 0 )
	u0( 0 1 )
	u0( 1 1 )
	u0( 0 1 )
	u0( 1 1 )
	u0( 1 0 )
	u0( 1 1 )
	u0( 0 1 )
	u0( 1 0 )
	u0( 1 0 )
	u0( 1 0 )
	u0( 1 0 )
	u0( 0 1 )
	u0( 1 1 )
	u0( 0 1 )
	u0( 1 0 )
	u0( 1 1 )
	u0( 1 1 )
	u0( 0 1 )
	u0( 1 0 )
	u0( 1 1 )
	u0( 1 1 )
	u0( 1 1 )
	u0( 0 1 )
	u0( 1 0 )
	u0( 1 0 )
	u0( 0 0 )
	u0( 1 1 )
	u0( 1 0 )
	u0( 1 1 )
	u0( 0 1 )
	u0( 0 0 )
	u0( 1 0 )
	u0( 1 1 )
	u0( 0 1 )
	u0( 0 0 )
	u0( 1 0 )
	u0( 1 1 )
	u0( 0 0 )
	u0( 1 0 )
	u0( 1 1 )
	u0( 0 0 )
	u0( 1 0 )
	u0( 0 0 )
	u0( 0 1 )
	u0( 1 1 )
	u0( 1 0 )
	u0( 1 1 )
	u0( 0 1 )
	u0( 0 0 )
	u0( 1 0 )
	u0( 1 1 )
	u0( 0 1 )
	u0( 0 0 )
	u0( 1 1 )
	u0( 1 0 )
	u0( 0 1 )
	u0( 0 0 )
	u0( 0 0 )
	u0( 1 0 )
	u0( 0 1 )
	u0( 1 1 )
	u0( 1 0 )
	u0( 1 1 )
	u0( 0 1 )
	u0( 0 0 )
	u0( 1 0 )
	u0( 0 0 )
	u0( 0 1 )
	u0( 1 1 )
	u0( 1 1 )
	u0( 1 0 )
	u0( 1 0 )
	u0( 0 1 )
	u0( 1 1 )
	u0( 1 0 )
	u0( 1 0 )
	u0( 0 1 )
	u0( 0 1 )
	u0( 1 1 )
	u0( 1 0 )
	u0( 0 1 )
	u0( 1 1 )
	u0( 1 1 )
	u0( 1 0 )
	u0( 1 1 )
	u0( 1 0 )
	u0( 1 0 )
	u0( 0 1 )
	u0( 1 1 )
	u0( 1 0 )
	u0( 1 0 )
	u0( 0 1 )
	u0( 0 1 )
	u0( 1 1 )
	u0( 1 1 )
	u0( 1 0 )
	u0( 1 0 )
	u0( 1 1 )
	u0( 0 0 )
	u0( 0 1 )
	u0( 1 1 )
	u0( 1 1 )
	u0( 1 0 )
	u0( 1 0 )
	u0( 1 1 )
	u0( 0 1 )
	u0( 1 1 )
	u0( 1 1 )
	u0( 1 0 )
	u0( 0 1 )
	u0( 1 1 )
	u0( 1 0 )
	u0( 1 0 )
	u0( 0 1 )
	u0( 1 1 )
	u0( 1 0 )
	u0( 1 1 )
	u0( 0 1 )
	u0( 1 1 )
	u0( 1 0 )
	u0( 0 1 )
	u0( 1 1 )
	u0( 1 0 )
	u0( 1 0 )
	u0( 0 1 )
	u0( 1 1 )
	u0( 1 0 )
	u0( 0 1 )
	u0( 1 1 )
	u0( 1 1 )
	u0( 1 0 )
	u0( 1 0 )
	u0( 0 1 )
	u0( 1 1 )
	u0( 1 0 )
	u0( 1 1 )
	u0( 0 1 )
	u0( 1 0 )
	u0( 1 1 )
	u0( 0 1 )
	u0( 1 1 )
	u0( 1 0 )
	u0( 1 1 )
	u0( 0 1 )
	u0( 1 0 )
	u0( 1 0 )
	u0( 0 1 )
	u0( 1 1 )
	u0( 1 0 )
	u0( 0 1 )
	u0( 0 1 )
	u0( 1 1 )
	u0( 1 0 )
	u0( 0 1 )
	u0( 1 1 )
	u0( 1 0 )
	u0( 1 0 )
	u0( 0 1 )
	u0( 1 1 )
	u0( 1 0 )
	u0( 1 0 )
	u0( 0 1 )
	u0( 1 1 )
	u0( 1 0 )
	u0( 1 1 )
	u0( 0 1 )
	u0( 1 1 )
	u0( 1 0 )
	u0( 1 0 )
	u0( 0 1 )
	u0( 1 1 )
	u0( 1 0 )
	u0( 0 1 )
	u0( 1 1 )
	u0( 1 0 )
	u0( 1 0 )
	u0( 0 1 )
	u0( 1 1 )
	u0( 1 0 )
	u0( 0 1 )
	u0( 1 1 )
	u0( 1 0 )
	u0( 0 1 )
	u0( 1 1 )
	u0( 1 0 )
	u0( 1 1 )
	u0( 0 1 )
	u0( 1 1 )
	u0( 1 1 )
	u0( 0 1 )
	u0( 1 1 )
	u0( 1 0 )
	u0( 1 1 )
	u0( 1 1 )
	u0( 1 0 )
	u0( 0 1 )
	u0( 1 1 )
	u0( 1 0 )
	u0( 1 1 )
	u0( 0 1 )
	u0( 1 1 )
	u0( 1 1 )
	u0( 0 1 )
	u0( 1 1 )
	u0( 1 0 )
	u0( 0 1 )
	u0( 1 1 )
	u0( 1 0 )
	u0( 0 1 )
	u0( 1 1 )
	u0( 1 0 )
	u0( 0 1 )
	u0( 1 0 )
	u0( 0 1 )
	u0( 1 1 )
	u0( 1 0 )
	u0( 0 1 )
	u0( 0 1 )
	u0( 1 0 )
	u0( 1 1 )
	u0( 1 0 )
	u0( 1 0 )
	u0( 0 1 )
	u0( 1 1 )
	u0( 1 0 )
	u0( 1 0 )
	u0( 1 1 )
	u0( 1 0 )
	u0( 1 0 )
	u0( 1 1 )
	u0( 1 0 )
	u0( 1 1 )
	u0( 1 0 )
	u0( 1 0 )
	u0( 0 1 )
	u0( 1 1 )
	u0( 1 0 )
	u0( 1 0 )
	u0( 0 1 )
	u0( 1 1 )
	u0( 1 0 )
	u0( 1 0 )
	u0( 1 1 )
	u0( 1 0 )
	u0( 0 1 )
	u0( 1 1 )
	u0( 1 0 )
	u0( 0 1 )
	u0( 1 1 )
	u0( 0 1 )
	u0( 1 1 )
	u0( 1 0 )
	u0( 0 1 )
	u0( 1 1 )
	u0( 1 0 )
	u0( 1 1 )
	u0( 1 0 )
	u0( 1 0 )
	u0( 0 1 )
	u0( 1 1 )
	u0( 1 0 )
	u0( 1 1 )
	u0( 0 1 )
	u0( 1 0 )
	u0( 0 1 )
	u0( 1 0 )
	u0( 1 1 )
	u0( 1 0 )
	u0( 0 1 )
	u0( 1 0 )
	u0( 1 1 )
	u0( 1 1 )
	u0( 1 0 )
	u0( 0 1 )
	u0( 1 1 )
	u0( 1 1 )
	u0( 1 0 )
	u0( 1 1 )
	u0( 0 1 )
	u0( 1 1 )
	u0( 1 0 )
	u0( 1 1 )
	u0( 0 1 )
	u0( 1 1 )
	u0( 1 0 )
	u0( 1 1 )
	u0( 0 1 )
	u0( 1 1 )
	u0( 1 0 )
	u0( 1 1 )
	u0( 0 1 )
	u0( 1 1 )
	u0( 1 0 )
	u0( 1 0 )
	u0( 0 1 )
	u0( 1 1 )
	u0( 1 0 )
	u0( 1 0 )
	u0( 0 1 )
	u0( 1 1 )
	u0( 1 0 )
	u0( 1 1 )
	u0( 0 1 )
	u0( 1 1 )
	u0( 1 0 )
	u0( 1 1 )
	u0( 0 1 )
	u0( 1 1 )
	u0( 1 0 )
	u0( 1 0 )
	u0( 0 1 )
	u0( 1 1 )
	u0( 1 0 )
	u0( 1 0 )
	u0( 0 1 )
	u0( 1 1 )
	u0( 1 0 )
	u0( 0 1 )
	u0( 1 1 )
	u0( 1 1 )
	u0( 1 0 )
	u0( 0 1 )
	u0( 0 0 )
	u0( 0 1 )
	u0( 1 1 )
	u0( 0 0 )
	u0( 1 0 )
	u0( 1 0 )
	u0( 0 0 )
	u0( 0 1 )
	u0( 1 1 )
	u0( 1 1 )
	u0( 1 0 )
	u0( 0 1 )
	u0( 0 0 )
	u0( 0 1 )
	u0( 1 1 )
	u0( 0 0 )
	u0( 1 0 )
	u0( 1 1 )
	u0( 1 0 )
	u0( 1 0 )
	u0( 0 1 )
	u0( 0 0 )
	u0( 1 1 )
	u0( 1 0 )
	u0( 0 1 )
	u0( 0 0 )
	u0( 1 1 )
	u0( 1 0 )
	u0( 0 1 )
	u0( 0 0 )
	u0( 0 1 )
	u0( 1 1 )
	u0( 0 0 )
	u0( 1 0 )
	u0( 0 1 )
	u0( 1 1 )
	u0( 0 0 )
	u0( 1 0 )
	ng( 3 )
	g( "awindowUpper" )
	mt( "material/simpleWindowUpper" )
	ni( 56 5 )
	i( 3 1 1 0 )
	i( 3 2 0 29 )
	i( 3 28 34 28 )
	i( 3 35 28 1 )
	i( 3 0 0 7 )
	i( 3 7 7 8 )
	i( 3 9 8 27 )
	i( 3 26 25 26 )
	i( 3 24 26 7 )
	i( 3 8 8 4 )
	i( 3 4 4 3 )
	i( 3 5 3 6 )
	i( 3 3 14 13 )
	i( 3 15 13 4 )
	i( 3 3 3 11 )
	i( 3 11 10 12 )
	i( 3 10 30 32 )
	i( 3 31 32 33 )
	i( 2 10 11 )
	g( "awindowLower" )
	mt( "material/simpleWindowLower" )
	ni( 39 5 )
	i( 3 17 17 16 )
	i( 3 18 16 36 )
	i( 3 16 19 17 )
	i( 3 17 42 42 )
	i( 3 42 43 44 )
	i( 3 43 45 43 )
	i( 3 46 42 42 )
	i( 3 37 37 38 )
	i( 3 39 38 40 )
	i( 3 38 41 37 )
	i( 3 37 20 20 )
	i( 3 21 22 317 )
	i( 3 22 23 20 )
	g( "frame" )
	mt( "material/frameMaterial" )
	ni( 1146 4 )
	i( 3 47 48 49 )
	i( 3 50 51 52 )
	i( 3 53 54 55 )
	i( 3 54 56 55 )
	i( 3 57 58 59 )
	i( 3 57 59 60 )
	i( 3 61 62 63 )
	i( 3 61 63 64 )
	i( 3 65 66 67 )
	i( 3 65 67 68 )
	i( 3 69 70 71 )
	i( 3 70 72 71 )
	i( 3 73 74 75 )
	i( 3 73 75 76 )
	i( 3 77 78 79 )
	i( 3 77 79 80 )
	i( 3 81 82 83 )
	i( 3 82 84 83 )
	i( 3 85 86 87 )
	i( 3 85 87 88 )
	i( 3 89 90 91 )
	i( 3 89 91 92 )
	i( 3 93 94 95 )
	i( 3 93 95 96 )
	i( 3 97 98 99 )
	i( 3 98 100 99 )
	i( 3 101 102 103 )
	i( 3 101 103 104 )
	i( 3 105 106 107 )
	i( 3 105 107 108 )
	i( 3 109 110 111 )
	i( 3 110 112 111 )
	i( 3 113 114 115 )
	i( 3 114 116 115 )
	i( 3 117 118 119 )
	i( 3 118 120 119 )
	i( 3 121 122 123 )
	i( 3 121 123 124 )
	i( 3 125 126 127 )
	i( 3 126 128 127 )
	i( 3 129 130 131 )
	i( 3 130 132 131 )
	i( 3 133 134 135 )
	i( 3 134 136 135 )
	i( 3 137 138 139 )
	i( 3 138 140 139 )
	i( 3 141 142 143 )
	i( 3 142 144 143 )
	i( 3 145 146 147 )
	i( 3 146 148 147 )
	i( 3 149 150 151 )
	i( 3 150 152 151 )
	i( 3 153 154 155 )
	i( 3 154 156 155 )
	i( 3 157 158 159 )
	i( 3 158 160 159 )
	i( 3 161 162 163 )
	i( 3 162 164 163 )
	i( 3 165 166 167 )
	i( 3 166 168 167 )
	i( 3 169 170 171 )
	i( 3 169 171 172 )
	i( 3 173 174 175 )
	i( 3 173 175 176 )
	i( 3 177 178 179 )
	i( 3 177 179 180 )
	i( 3 181 182 183 )
	i( 3 182 184 183 )
	i( 3 185 186 187 )
	i( 3 185 187 188 )
	i( 3 189 190 191 )
	i( 3 189 191 192 )
	i( 3 193 194 195 )
	i( 3 193 195 196 )
	i( 3 197 198 199 )
	i( 3 198 134 199 )
	i( 3 200 201 202 )
	i( 3 200 202 108 )
	i( 3 203 204 205 )
	i( 3 204 206 205 )
	i( 3 207 139 208 )
	i( 3 139 140 208 )
	i( 3 209 210 211 )
	i( 3 210 212 211 )
	i( 3 213 214 215 )
	i( 3 214 216 215 )
	i( 3 92 91 217 )
	i( 3 92 217 218 )
	i( 3 155 219 220 )
	i( 3 155 220 153 )
	i( 3 158 221 222 )
	i( 3 221 223 222 )
	i( 3 224 97 225 )
	i( 3 97 226 225 )
	i( 3 227 228 229 )
	i( 3 227 229 230 )
	i( 3 231 232 192 )
	i( 3 231 192 233 )
	i( 3 234 235 236 )
	i( 3 234 236 237 )
	i( 3 238 239 240 )
	i( 3 239 241 240 )
	i( 3 242 243 244 )
	i( 3 243 245 244 )
	i( 3 246 247 248 )
	i( 3 247 249 248 )
	i( 3 250 168 251 )
	i( 3 168 166 251 )
	i( 3 252 253 254 )
	i( 3 253 255 254 )
	i( 3 256 257 258 )
	i( 3 257 259 258 )
	i( 3 260 261 262 )
	i( 3 260 262 149 )
	i( 3 263 264 265 )
	i( 3 263 265 266 )
	i( 3 267 127 268 )
	i( 3 267 268 269 )
	i( 3 270 58 57 )
	i( 3 270 57 271 )
	i( 3 272 75 52 )
	i( 3 75 273 52 )
	i( 3 274 275 276 )
	i( 3 275 277 276 )
	i( 3 278 279 280 )
	i( 3 279 281 280 )
	i( 3 282 283 284 )
	i( 3 283 285 284 )
	i( 3 286 287 288 )
	i( 3 286 288 68 )
	i( 3 289 290 291 )
	i( 3 290 292 291 )
	i( 3 293 294 295 )
	i( 3 293 295 296 )
	i( 3 72 70 297 )
	i( 3 70 298 297 )
	i( 3 299 300 301 )
	i( 3 300 302 301 )
	i( 3 303 304 305 )
	i( 3 303 305 114 )
	i( 3 96 306 307 )
	i( 3 96 307 308 )
	i( 3 309 310 311 )
	i( 3 309 311 312 )
	i( 3 313 314 315 )
	i( 3 313 315 316 )
	i( 3 318 319 320 )
	i( 3 318 320 321 )
	i( 3 322 323 324 )
	i( 3 322 324 325 )
	i( 3 326 327 328 )
	i( 3 327 329 328 )
	i( 3 330 331 332 )
	i( 3 330 332 333 )
	i( 3 334 335 336 )
	i( 3 334 336 337 )
	i( 3 338 339 340 )
	i( 3 338 340 341 )
	i( 3 342 343 344 )
	i( 3 343 345 344 )
	i( 3 346 347 348 )
	i( 3 346 348 349 )
	i( 3 350 351 352 )
	i( 3 350 352 353 )
	i( 3 354 355 356 )
	i( 3 355 357 356 )
	i( 3 358 359 360 )
	i( 3 359 361 360 )
	i( 3 362 363 364 )
	i( 3 363 365 364 )
	i( 3 366 363 362 )
	i( 3 366 362 367 )
	i( 3 367 368 369 )
	i( 3 368 370 369 )
	i( 3 371 372 373 )
	i( 3 372 374 373 )
	i( 3 375 376 377 )
	i( 3 376 371 377 )
	i( 3 378 379 380 )
	i( 3 379 381 380 )
	i( 3 382 383 384 )
	i( 3 382 384 385 )
	i( 3 386 387 388 )
	i( 3 387 389 388 )
	i( 3 390 391 392 )
	i( 3 390 392 393 )
	i( 3 394 395 396 )
	i( 3 394 396 397 )
	i( 3 398 399 395 )
	i( 3 398 395 400 )
	i( 3 398 385 384 )
	i( 3 398 384 399 )
	i( 3 401 402 368 )
	i( 3 401 368 403 )
	i( 3 404 405 406 )
	i( 3 404 406 407 )
	i( 3 408 409 410 )
	i( 3 408 410 411 )
	i( 3 412 413 377 )
	i( 3 412 377 414 )
	i( 3 415 416 388 )
	i( 3 415 388 417 )
	i( 3 418 419 420 )
	i( 3 418 420 421 )
	i( 3 422 423 424 )
	i( 3 422 424 425 )
	i( 3 426 427 428 )
	i( 3 426 428 429 )
	i( 3 430 431 432 )
	i( 3 431 433 432 )
	i( 3 434 435 436 )
	i( 3 435 437 436 )
	i( 3 438 439 440 )
	i( 3 438 440 441 )
	i( 3 442 443 444 )
	i( 3 442 444 445 )
	i( 3 446 447 448 )
	i( 3 446 448 449 )
	i( 3 450 451 452 )
	i( 3 450 452 453 )
	i( 3 454 450 455 )
	i( 3 454 455 456 )
	i( 3 457 458 459 )
	i( 3 457 459 460 )
	i( 3 461 462 463 )
	i( 3 461 463 464 )
	i( 3 465 466 467 )
	i( 3 465 467 468 )
	i( 3 469 470 471 )
	i( 3 469 471 472 )
	i( 3 473 474 436 )
	i( 3 473 436 475 )
	i( 3 476 472 474 )
	i( 3 476 474 477 )
	i( 3 478 479 480 )
	i( 3 478 480 444 )
	i( 3 481 480 482 )
	i( 3 481 482 483 )
	i( 3 484 485 486 )
	i( 3 484 486 430 )
	i( 3 487 488 489 )
	i( 3 487 489 490 )
	i( 3 491 492 493 )
	i( 3 492 494 493 )
	i( 3 495 496 488 )
	i( 3 495 488 497 )
	i( 3 498 499 500 )
	i( 3 498 500 501 )
	i( 3 502 503 504 )
	i( 3 502 504 505 )
	i( 3 506 507 508 )
	i( 3 506 508 509 )
	i( 3 510 511 512 )
	i( 3 511 513 512 )
	i( 3 487 514 515 )
	i( 3 514 516 515 )
	i( 3 517 518 519 )
	i( 3 518 520 519 )
	i( 3 502 521 522 )
	i( 3 502 522 523 )
	i( 3 524 525 283 )
	i( 3 524 283 526 )
	i( 3 527 528 289 )
	i( 3 527 289 525 )
	i( 3 528 529 289 )
	i( 3 529 530 289 )
	i( 3 531 532 533 )
	i( 3 531 533 534 )
	i( 3 535 536 537 )
	i( 3 535 537 538 )
	i( 3 539 540 541 )
	i( 3 540 542 541 )
	i( 3 543 544 545 )
	i( 3 543 545 546 )
	i( 3 547 548 549 )
	i( 3 547 549 197 )
	i( 3 550 551 552 )
	i( 3 550 552 553 )
	i( 3 554 555 208 )
	i( 3 555 556 208 )
	i( 3 557 558 203 )
	i( 3 558 559 203 )
	i( 3 560 561 562 )
	i( 3 561 563 562 )
	i( 3 564 313 565 )
	i( 3 313 566 565 )
	i( 3 567 568 569 )
	i( 3 568 270 569 )
	i( 3 570 571 272 )
	i( 3 571 572 272 )
	i( 3 573 574 575 )
	i( 3 574 576 575 )
	i( 3 577 277 578 )
	i( 3 277 579 578 )
	i( 3 580 581 577 )
	i( 3 581 582 577 )
	i( 3 583 584 580 )
	i( 3 584 585 580 )
	i( 3 586 587 584 )
	i( 3 586 584 588 )
	i( 3 586 589 210 )
	i( 3 586 210 590 )
	i( 3 591 592 210 )
	i( 3 591 210 593 )
	i( 3 279 594 595 )
	i( 3 594 591 595 )
	i( 3 596 597 598 )
	i( 3 596 598 599 )
	i( 3 600 601 602 )
	i( 3 600 602 223 )
	i( 3 603 604 605 )
	i( 3 603 605 253 )
	i( 3 606 607 251 )
	i( 3 606 251 249 )
	i( 3 608 609 610 )
	i( 3 608 610 611 )
	i( 3 612 613 614 )
	i( 3 612 614 615 )
	i( 3 616 617 618 )
	i( 3 616 618 267 )
	i( 3 619 620 221 )
	i( 3 619 221 621 )
	i( 3 622 623 300 )
	i( 3 622 300 624 )
	i( 3 625 295 626 )
	i( 3 625 626 627 )
	i( 3 628 629 630 )
	i( 3 628 630 631 )
	i( 3 632 633 634 )
	i( 3 632 634 635 )
	i( 3 636 637 638 )
	i( 3 637 639 638 )
	i( 3 640 641 642 )
	i( 3 641 643 642 )
	i( 3 644 645 646 )
	i( 3 645 647 646 )
	i( 3 648 649 650 )
	i( 3 648 650 651 )
	i( 3 652 653 654 )
	i( 3 653 655 654 )
	i( 3 656 657 658 )
	i( 3 657 659 658 )
	i( 3 660 661 662 )
	i( 3 661 663 662 )
	i( 3 664 665 666 )
	i( 3 665 667 666 )
	i( 3 668 669 670 )
	i( 3 668 670 671 )
	i( 3 672 673 674 )
	i( 3 672 674 675 )
	i( 3 676 677 678 )
	i( 3 677 679 678 )
	i( 3 680 681 682 )
	i( 3 681 683 682 )
	i( 3 684 685 686 )
	i( 3 684 686 687 )
	i( 3 688 689 690 )
	i( 3 688 690 691 )
	i( 3 692 693 694 )
	i( 3 692 694 695 )
	i( 3 696 697 698 )
	i( 3 697 699 698 )
	i( 3 700 701 702 )
	i( 3 701 703 702 )
	i( 3 704 705 706 )
	i( 3 704 706 707 )
	i( 3 708 709 710 )
	i( 3 709 711 710 )
	i( 3 712 713 714 )
	i( 3 713 715 714 )
	i( 3 436 716 434 )
	i( 3 716 717 434 )
	i( 3 484 718 719 )
	i( 3 718 720 719 )
	i( 3 721 722 723 )
	i( 3 722 724 723 )
	i( 3 725 726 727 )
	i( 3 726 728 727 )
	i( 3 729 730 731 )
	i( 3 730 732 731 )
	i( 3 733 734 735 )
	i( 3 734 736 735 )
}
