ipo( "ipo/creditTour" )
{
	lx( 2.345 0.067 2.345 2.345 )
	lx( -7.133 9.933 -7.133 -7.133 )
	lx( -7.133 19.933 -7.133 -7.133 )
	lx( -2.427 30 -2.427 -2.427 )
	lx( -2.755 40 -2.755 -2.755 )
	lx( -2.261 50 -1.937 -1.613 )
	lx( -1.836 60 -1.095 -0.354 )
	lx( 2.32 70 1.86 0.539 )
	lx( 0.452 90 0.255 0.064 )
	lx( -1.938 100 -1.938 -1.938 )
	lx( -0.663 110 -0.232 0.199 )
	lx( -0.232 120 0.269 0.771 )
	lx( 3.342 130 3.342 3.342 )
	lx( -1.426 140 -1.426 -1.426 )
	lx( 0.131 150 0.795 1.458 )
	lx( 1.974 160 1.974 1.974 )
	lx( 1.747 180 1.747 1.747 )
	lx( 2.345 190 2.345 2.345 )
	i( 2 )
	ly( -3.044 0.067 -3.044 -3.044 )
	ly( -4.634 9.933 -4.634 -4.634 )
	ly( -4.634 19.933 -4.634 -4.634 )
	ly( 1.241 30 1.241 1.241 )
	ly( 1.238 40 1.238 1.238 )
	ly( 3.113 50 3.252 3.391 )
	ly( 3.391 60 3.391 3.391 )
	ly( 3.387 70 3.353 3.286 )
	ly( 3.523 90 3.084 2.25 )
	ly( -4.2 100 -6.597 -8.993 )
	ly( -9.203 110 -9.203 -9.203 )
	ly( -2.555 120 -1.657 -0.759 )
	ly( -1.15 130 -0.759 -0.367 )
	ly( 0.348 140 0.348 0.348 )
	ly( -2.989 150 -3.363 -3.737 )
	ly( -3.737 160 -3.737 -3.737 )
	ly( -2.155 180 -2.155 -2.155 )
	ly( -3.044 190 -3.044 -3.044 )
	i( 2 )
	lz( 2.179 0.067 2.179 2.179 )
	lz( 2.563 9.933 2.563 2.563 )
	lz( 2.563 19.933 2.563 2.563 )
	lz( 2.466 30 2.466 2.466 )
	lz( 2.467 40 2.467 2.467 )
	lz( 2.202 50 2.008 1.813 )
	lz( 1.47 60 1.47 1.47 )
	lz( 1.47 70 1.496 1.546 )
	lz( 1.598 90 2.726 3.29 )
	lz( 3.238 100 5.0 6.186 )
	lz( 3.497 110 2.966 2.434 )
	lz( 2.709 120 2.277 1.845 )
	lz( 0.753 130 0.753 0.753 )
	lz( 0.753 140 1.145 1.537 )
	lz( 3.796 150 3.796 3.796 )
	lz( 1.884 160 1.884 1.884 )
	lz( 1.884 180 1.968 2.009 )
	lz( 2.179 190 2.179 2.179 )
	i( 2 )
	rx( 87.735 0.067 87.735 87.735 )
	rx( 84.103 9.933 84.103 84.103 )
	rx( 84.548 19.933 85.916 87.293 )
	rx( 91.145 30 91.145 91.145 )
	rx( 78.697 40 78.697 78.697 )
	rx( 79.901 50 79.901 79.901 )
	rx( 79.077 60 76.888 74.699 )
	rx( 65.385 70 68.687 70.775 )
	rx( 87.286 90 87.286 87.286 )
	rx( 41.012 100 41.012 41.012 )
	rx( 74.22 110 74.22 74.22 )
	rx( 67.812 120 67.812 67.812 )
	rx( 84.382 130 90.219 96.056 )
	rx( 97.715 140 97.715 97.715 )
	rx( 62.497 150 62.497 62.497 )
	rx( 81.931 160 81.933 81.937 )
	rx( 81.933 180 81.937 81.939 )
	rx( 87.735 190 87.735 87.735 )
	i( 2 )
	ry( 0.001 0.067 0.001 0.001 )
	ry( 0.001 9.933 0.001 0.001 )
	ry( 0.001 19.933 0.001 0.001 )
	ry( 0.001 30 0.001 0.001 )
	ry( 0.001 40 0.001 0.001 )
	ry( 0.001 50 0.001 0.001 )
	ry( 0.001 60 0.001 0.001 )
	ry( 0.001 70 0.001 0.001 )
	ry( 0 90 0 0 )
	ry( 0.001 100 0.001 0.001 )
	ry( 0.001 110 0.001 0.001 )
	ry( 0.001 120 0.001 0.001 )
	ry( 0 130 0 0 )
	ry( 0.001 140 0.001 0.001 )
	ry( 0.001 150 0.001 0.001 )
	ry( 0.003 160 0.003 0.003 )
	ry( 0.002 180 0.001 0.001 )
	ry( 0.001 190 0.001 0.001 )
	i( 2 )
	rz( -80.481 0.067 -80.481 -80.481 )
	rz( -80.481 9.933 -75.176 -69.8 )
	rz( -55.572 19.933 -45.625 -35.613 )
	rz( -24.072 30 -24.072 -24.072 )
	rz( -34.641 40 -34.641 -34.641 )
	rz( -31.443 50 -31.443 -31.443 )
	rz( -43.222 60 -43.222 -43.222 )
	rz( 14.649 70 14.649 14.649 )
	rz( 8.027 90 -0.549 -4.837 )
	rz( -14.917 100 -14.917 -14.917 )
	rz( -7.002 110 -7.002 -7.002 )
	rz( -80.319 120 -80.319 -80.319 )
	rz( 13.129 130 13.129 13.129 )
	rz( -15.381 140 -37.841 -60.301 )
	rz( -100.676 150 -102.013 -103.35 )
	rz( -103.35 160 -103.35 -103.35 )
	rz( -103.35 180 -101.575 -100.688 )
	rz( -80.481 190 -80.481 -80.481 )
	i( 2 )
}
