ipo( "ipo/getShirtFrame" )
{
	lx( 2.78 0.067 2.78 2.78 )
	lx( 2.188 0.667 2.188 2.188 )
	i( 2 )
	ly( 5.363 0.067 5.363 5.363 )
	ly( 3.88 0.667 3.88 3.88 )
	i( 2 )
	lz( 2.072 0.067 2.072 2.072 )
	lz( 0.543 0.667 0.543 0.543 )
	i( 2 )
	rx( 0 0.067 0 0 )
	rx( -0.424 0.333 -0.764 -0.85 )
	rx( -0.91 0.4 -1.01 -1.11 )
	rx( -1.186 0.467 -1.276 -1.547 )
	rx( -1.867 0.667 -1.867 -1.867 )
	i( 2 )
	ry( 0 0.067 0 0 )
	ry( -1.829 0.333 -3.29 -3.655 )
	ry( -3.919 0.4 -4.346 -4.773 )
	ry( -5.104 0.467 -5.491 -6.652 )
	ry( -8.031 0.667 -8.031 -8.031 )
	i( 2 )
	rz( 0 0.067 0 0 )
	rz( 12.444 0.333 23.769 26.6 )
	rz( 36.031 0.4 38.89 41.749 )
	rz( 45.269 0.467 45.269 45.269 )
	rz( 13.133 0.667 13.133 13.133 )
	i( 2 )
}
