ipo( "ipo/putShirtFrame" )
{
	lx( 2.188 0.067 2.188 2.188 )
	lx( 2.771 0.667 2.771 2.771 )
	i( 2 )
	ly( 3.88 0.067 3.88 3.88 )
	ly( 5.363 0.667 5.363 5.363 )
	i( 2 )
	lz( 0.543 0.067 0.543 0.543 )
	lz( 2.069 0.667 2.069 2.069 )
	i( 2 )
	rx( -1.867 0.067 -1.867 -1.867 )
	rx( -1.547 0.267 -1.276 -1.186 )
	rx( -1.11 0.333 -1.01 -0.91 )
	rx( -0.85 0.4 -0.764 -0.424 )
	rx( 0 0.667 0 0 )
	i( 2 )
	ry( -8.031 0.067 -8.031 -8.031 )
	ry( -6.652 0.267 -5.491 -5.104 )
	ry( -4.773 0.333 -4.346 -3.919 )
	ry( -3.868 0.4 -3.29 -0.978 )
	ry( 4.458 0.667 4.458 4.458 )
	i( 2 )
	rz( 13.133 0.067 13.133 13.133 )
	rz( 45.269 0.267 45.269 45.269 )
	rz( 41.749 0.333 38.89 36.031 )
	rz( 26.875 0.4 23.769 17.142 )
	rz( 0 0.542 0 0 )
	i( 2 )
}
