ipo( "ipo/straightenShirtFrame" )
{
	lx( 2.771 0.067 2.771 2.771 )
	lx( 2.771 0.6 2.771 2.771 )
	lx( 2.78 0.733 2.78 2.78 )
	i( 2 )
	ly( 5.363 0.067 5.363 5.363 )
	ly( 5.363 0.6 5.363 5.363 )
	ly( 5.363 0.733 5.363 5.363 )
	i( 2 )
	lz( 2.069 0.067 2.069 2.069 )
	lz( 2.069 0.6 2.069 2.069 )
	lz( 2.072 0.733 2.072 2.072 )
	i( 2 )
	rx( 0 0.067 0 0 )
	rx( 0 0.6 0 0 )
	rx( 0 0.733 0 0 )
	i( 2 )
	ry( 4.524 0.067 4.458 4.35 )
	ry( 4.524 0.6 4.458 4.35 )
	ry( 1.187 0.733 0 -3.533 )
	i( 2 )
	rz( 0 0.067 0 0 )
	rz( 0 0.6 0 0 )
	rz( 0 0.733 0 0 )
	i( 2 )
}
